x y vx vy charge mass
-0.5 -0.5 0 0 -0.05 1
-0.5 0.5 0 0 0.05 1
0.5 -0.5 0 0 -0.05 1
0.5 0.5 0 0 0.05 1
-0.5 -1.5 0 0 -0.05 1
-0.5 1.5 0 0 0.05 1
0.5 -1.5 0 0 -0.05 1
0.5 1.5 0 0 0.05 1
-0.5 -2.5 0 0 -0.05 1
-0.5 2.5 0 0 0.05 1
0.5 -2.5 0 0 -0.05 1
0.5 2.5 0 0 0.05 1
-0.5 -3.5 0 0 -0.05 1
-0.5 3.5 0 0 0.05 1
0.5 -3.5 0 0 -0.05 1
0.5 3.5 0 0 0.05 1
-0.5 -4.5 0 0 -0.05 1
-0.5 4.5 0 0 0.05 1
0.5 -4.5 0 0 -0.05 1
0.5 4.5 0 0 0.05 1
-0.5 -5.5 0 0 -0.05 1
-0.5 5.5 0 0 0.05 1
0.5 -5.5 0 0 -0.05 1
0.5 5.5 0 0 0.05 1
-0.5 -6.5 0 0 -0.05 1
-0.5 6.5 0 0 0.05 1
0.5 -6.5 0 0 -0.05 1
0.5 6.5 0 0 0.05 1
-0.5 -7.5 0 0 -0.05 1
-0.5 7.5 0 0 0.05 1
0.5 -7.5 0 0 -0.05 1
0.5 7.5 0 0 0.05 1
-0.5 -8.5 0 0 -0.05 1
-0.5 8.5 0 0 0.05 1
0.5 -8.5 0 0 -0.05 1
0.5 8.5 0 0 0.05 1
-0.5 -9.5 0 0 -0.05 1
-0.5 9.5 0 0 0.05 1
0.5 -9.5 0 0 -0.05 1
0.5 9.5 0 0 0.05 1
-1.5 -0.5 0 0 -0.05 1
-1.5 0.5 0 0 0.05 1
1.5 -0.5 0 0 -0.05 1
1.5 0.5 0 0 0.05 1
-1.5 -1.5 0 0 -0.05 1
-1.5 1.5 0 0 0.05 1
1.5 -1.5 0 0 -0.05 1
1.5 1.5 0 0 0.05 1
-1.5 -2.5 0 0 -0.05 1
-1.5 2.5 0 0 0.05 1
1.5 -2.5 0 0 -0.05 1
1.5 2.5 0 0 0.05 1
-1.5 -3.5 0 0 -0.05 1
-1.5 3.5 0 0 0.05 1
1.5 -3.5 0 0 -0.05 1
1.5 3.5 0 0 0.05 1
-1.5 -4.5 0 0 -0.05 1
-1.5 4.5 0 0 0.05 1
1.5 -4.5 0 0 -0.05 1
1.5 4.5 0 0 0.05 1
-1.5 -5.5 0 0 -0.05 1
-1.5 5.5 0 0 0.05 1
1.5 -5.5 0 0 -0.05 1
1.5 5.5 0 0 0.05 1
-1.5 -6.5 0 0 -0.05 1
-1.5 6.5 0 0 0.05 1
1.5 -6.5 0 0 -0.05 1
1.5 6.5 0 0 0.05 1
-1.5 -7.5 0 0 -0.05 1
-1.5 7.5 0 0 0.05 1
1.5 -7.5 0 0 -0.05 1
1.5 7.5 0 0 0.05 1
-1.5 -8.5 0 0 -0.05 1
-1.5 8.5 0 0 0.05 1
1.5 -8.5 0 0 -0.05 1
1.5 8.5 0 0 0.05 1
-1.5 -9.5 0 0 -0.05 1
-1.5 9.5 0 0 0.05 1
1.5 -9.5 0 0 -0.05 1
1.5 9.5 0 0 0.05 1
-2.5 -0.5 0 0 -0.05 1
-2.5 0.5 0 0 0.05 1
2.5 -0.5 0 0 -0.05 1
2.5 0.5 0 0 0.05 1
-2.5 -1.5 0 0 -0.05 1
-2.5 1.5 0 0 0.05 1
2.5 -1.5 0 0 -0.05 1
2.5 1.5 0 0 0.05 1
-2.5 -2.5 0 0 -0.05 1
-2.5 2.5 0 0 0.05 1
2.5 -2.5 0 0 -0.05 1
2.5 2.5 0 0 0.05 1
-2.5 -3.5 0 0 -0.05 1
-2.5 3.5 0 0 0.05 1
2.5 -3.5 0 0 -0.05 1
2.5 3.5 0 0 0.05 1
-2.5 -4.5 0 0 -0.05 1
-2.5 4.5 0 0 0.05 1
2.5 -4.5 0 0 -0.05 1
2.5 4.5 0 0 0.05 1
-2.5 -5.5 0 0 -0.05 1
-2.5 5.5 0 0 0.05 1
2.5 -5.5 0 0 -0.05 1
2.5 5.5 0 0 0.05 1
-2.5 -6.5 0 0 -0.05 1
-2.5 6.5 0 0 0.05 1
2.5 -6.5 0 0 -0.05 1
2.5 6.5 0 0 0.05 1
-2.5 -7.5 0 0 -0.05 1
-2.5 7.5 0 0 0.05 1
2.5 -7.5 0 0 -0.05 1
2.5 7.5 0 0 0.05 1
-2.5 -8.5 0 0 -0.05 1
-2.5 8.5 0 0 0.05 1
2.5 -8.5 0 0 -0.05 1
2.5 8.5 0 0 0.05 1
-2.5 -9.5 0 0 -0.05 1
-2.5 9.5 0 0 0.05 1
2.5 -9.5 0 0 -0.05 1
2.5 9.5 0 0 0.05 1
-3.5 -0.5 0 0 -0.05 1
-3.5 0.5 0 0 0.05 1
3.5 -0.5 0 0 -0.05 1
3.5 0.5 0 0 0.05 1
-3.5 -1.5 0 0 -0.05 1
-3.5 1.5 0 0 0.05 1
3.5 -1.5 0 0 -0.05 1
3.5 1.5 0 0 0.05 1
-3.5 -2.5 0 0 -0.05 1
-3.5 2.5 0 0 0.05 1
3.5 -2.5 0 0 -0.05 1
3.5 2.5 0 0 0.05 1
-3.5 -3.5 0 0 -0.05 1
-3.5 3.5 0 0 0.05 1
3.5 -3.5 0 0 -0.05 1
3.5 3.5 0 0 0.05 1
-3.5 -4.5 0 0 -0.05 1
-3.5 4.5 0 0 0.05 1
3.5 -4.5 0 0 -0.05 1
3.5 4.5 0 0 0.05 1
-3.5 -5.5 0 0 -0.05 1
-3.5 5.5 0 0 0.05 1
3.5 -5.5 0 0 -0.05 1
3.5 5.5 0 0 0.05 1
-3.5 -6.5 0 0 -0.05 1
-3.5 6.5 0 0 0.05 1
3.5 -6.5 0 0 -0.05 1
3.5 6.5 0 0 0.05 1
-3.5 -7.5 0 0 -0.05 1
-3.5 7.5 0 0 0.05 1
3.5 -7.5 0 0 -0.05 1
3.5 7.5 0 0 0.05 1
-3.5 -8.5 0 0 -0.05 1
-3.5 8.5 0 0 0.05 1
3.5 -8.5 0 0 -0.05 1
3.5 8.5 0 0 0.05 1
-3.5 -9.5 0 0 -0.05 1
-3.5 9.5 0 0 0.05 1
3.5 -9.5 0 0 -0.05 1
3.5 9.5 0 0 0.05 1
-4.5 -0.5 0 0 -0.05 1
-4.5 0.5 0 0 0.05 1
4.5 -0.5 0 0 -0.05 1
4.5 0.5 0 0 0.05 1
-4.5 -1.5 0 0 -0.05 1
-4.5 1.5 0 0 0.05 1
4.5 -1.5 0 0 -0.05 1
4.5 1.5 0 0 0.05 1
-4.5 -2.5 0 0 -0.05 1
-4.5 2.5 0 0 0.05 1
4.5 -2.5 0 0 -0.05 1
4.5 2.5 0 0 0.05 1
-4.5 -3.5 0 0 -0.05 1
-4.5 3.5 0 0 0.05 1
4.5 -3.5 0 0 -0.05 1
4.5 3.5 0 0 0.05 1
-4.5 -4.5 0 0 -0.05 1
-4.5 4.5 0 0 0.05 1
4.5 -4.5 0 0 -0.05 1
4.5 4.5 0 0 0.05 1
-4.5 -5.5 0 0 -0.05 1
-4.5 5.5 0 0 0.05 1
4.5 -5.5 0 0 -0.05 1
4.5 5.5 0 0 0.05 1
-4.5 -6.5 0 0 -0.05 1
-4.5 6.5 0 0 0.05 1
4.5 -6.5 0 0 -0.05 1
4.5 6.5 0 0 0.05 1
-4.5 -7.5 0 0 -0.05 1
-4.5 7.5 0 0 0.05 1
4.5 -7.5 0 0 -0.05 1
4.5 7.5 0 0 0.05 1
-4.5 -8.5 0 0 -0.05 1
-4.5 8.5 0 0 0.05 1
4.5 -8.5 0 0 -0.05 1
4.5 8.5 0 0 0.05 1
-4.5 -9.5 0 0 -0.05 1
-4.5 9.5 0 0 0.05 1
4.5 -9.5 0 0 -0.05 1
4.5 9.5 0 0 0.05 1
-5.5 -0.5 0 0 -0.05 1
-5.5 0.5 0 0 0.05 1
5.5 -0.5 0 0 -0.05 1
5.5 0.5 0 0 0.05 1
-5.5 -1.5 0 0 -0.05 1
-5.5 1.5 0 0 0.05 1
5.5 -1.5 0 0 -0.05 1
5.5 1.5 0 0 0.05 1
-5.5 -2.5 0 0 -0.05 1
-5.5 2.5 0 0 0.05 1
5.5 -2.5 0 0 -0.05 1
5.5 2.5 0 0 0.05 1
-5.5 -3.5 0 0 -0.05 1
-5.5 3.5 0 0 0.05 1
5.5 -3.5 0 0 -0.05 1
5.5 3.5 0 0 0.05 1
-5.5 -4.5 0 0 -0.05 1
-5.5 4.5 0 0 0.05 1
5.5 -4.5 0 0 -0.05 1
5.5 4.5 0 0 0.05 1
-5.5 -5.5 0 0 -0.05 1
-5.5 5.5 0 0 0.05 1
5.5 -5.5 0 0 -0.05 1
5.5 5.5 0 0 0.05 1
-5.5 -6.5 0 0 -0.05 1
-5.5 6.5 0 0 0.05 1
5.5 -6.5 0 0 -0.05 1
5.5 6.5 0 0 0.05 1
-5.5 -7.5 0 0 -0.05 1
-5.5 7.5 0 0 0.05 1
5.5 -7.5 0 0 -0.05 1
5.5 7.5 0 0 0.05 1
-5.5 -8.5 0 0 -0.05 1
-5.5 8.5 0 0 0.05 1
5.5 -8.5 0 0 -0.05 1
5.5 8.5 0 0 0.05 1
-5.5 -9.5 0 0 -0.05 1
-5.5 9.5 0 0 0.05 1
5.5 -9.5 0 0 -0.05 1
5.5 9.5 0 0 0.05 1
-6.5 -0.5 0 0 -0.05 1
-6.5 0.5 0 0 0.05 1
6.5 -0.5 0 0 -0.05 1
6.5 0.5 0 0 0.05 1
-6.5 -1.5 0 0 -0.05 1
-6.5 1.5 0 0 0.05 1
6.5 -1.5 0 0 -0.05 1
6.5 1.5 0 0 0.05 1
-6.5 -2.5 0 0 -0.05 1
-6.5 2.5 0 0 0.05 1
6.5 -2.5 0 0 -0.05 1
6.5 2.5 0 0 0.05 1
-6.5 -3.5 0 0 -0.05 1
-6.5 3.5 0 0 0.05 1
6.5 -3.5 0 0 -0.05 1
6.5 3.5 0 0 0.05 1
-6.5 -4.5 0 0 -0.05 1
-6.5 4.5 0 0 0.05 1
6.5 -4.5 0 0 -0.05 1
6.5 4.5 0 0 0.05 1
-6.5 -5.5 0 0 -0.05 1
-6.5 5.5 0 0 0.05 1
6.5 -5.5 0 0 -0.05 1
6.5 5.5 0 0 0.05 1
-6.5 -6.5 0 0 -0.05 1
-6.5 6.5 0 0 0.05 1
6.5 -6.5 0 0 -0.05 1
6.5 6.5 0 0 0.05 1
-6.5 -7.5 0 0 -0.05 1
-6.5 7.5 0 0 0.05 1
6.5 -7.5 0 0 -0.05 1
6.5 7.5 0 0 0.05 1
-6.5 -8.5 0 0 -0.05 1
-6.5 8.5 0 0 0.05 1
6.5 -8.5 0 0 -0.05 1
6.5 8.5 0 0 0.05 1
-6.5 -9.5 0 0 -0.05 1
-6.5 9.5 0 0 0.05 1
6.5 -9.5 0 0 -0.05 1
6.5 9.5 0 0 0.05 1
-7.5 -0.5 0 0 -0.05 1
-7.5 0.5 0 0 0.05 1
7.5 -0.5 0 0 -0.05 1
7.5 0.5 0 0 0.05 1
-7.5 -1.5 0 0 -0.05 1
-7.5 1.5 0 0 0.05 1
7.5 -1.5 0 0 -0.05 1
7.5 1.5 0 0 0.05 1
-7.5 -2.5 0 0 -0.05 1
-7.5 2.5 0 0 0.05 1
7.5 -2.5 0 0 -0.05 1
7.5 2.5 0 0 0.05 1
-7.5 -3.5 0 0 -0.05 1
-7.5 3.5 0 0 0.05 1
7.5 -3.5 0 0 -0.05 1
7.5 3.5 0 0 0.05 1
-7.5 -4.5 0 0 -0.05 1
-7.5 4.5 0 0 0.05 1
7.5 -4.5 0 0 -0.05 1
7.5 4.5 0 0 0.05 1
-7.5 -5.5 0 0 -0.05 1
-7.5 5.5 0 0 0.05 1
7.5 -5.5 0 0 -0.05 1
7.5 5.5 0 0 0.05 1
-7.5 -6.5 0 0 -0.05 1
-7.5 6.5 0 0 0.05 1
7.5 -6.5 0 0 -0.05 1
7.5 6.5 0 0 0.05 1
-7.5 -7.5 0 0 -0.05 1
-7.5 7.5 0 0 0.05 1
7.5 -7.5 0 0 -0.05 1
7.5 7.5 0 0 0.05 1
-7.5 -8.5 0 0 -0.05 1
-7.5 8.5 0 0 0.05 1
7.5 -8.5 0 0 -0.05 1
7.5 8.5 0 0 0.05 1
-7.5 -9.5 0 0 -0.05 1
-7.5 9.5 0 0 0.05 1
7.5 -9.5 0 0 -0.05 1
7.5 9.5 0 0 0.05 1
-8.5 -0.5 0 0 -0.05 1
-8.5 0.5 0 0 0.05 1
8.5 -0.5 0 0 -0.05 1
8.5 0.5 0 0 0.05 1
-8.5 -1.5 0 0 -0.05 1
-8.5 1.5 0 0 0.05 1
8.5 -1.5 0 0 -0.05 1
8.5 1.5 0 0 0.05 1
-8.5 -2.5 0 0 -0.05 1
-8.5 2.5 0 0 0.05 1
8.5 -2.5 0 0 -0.05 1
8.5 2.5 0 0 0.05 1
-8.5 -3.5 0 0 -0.05 1
-8.5 3.5 0 0 0.05 1
8.5 -3.5 0 0 -0.05 1
8.5 3.5 0 0 0.05 1
-8.5 -4.5 0 0 -0.05 1
-8.5 4.5 0 0 0.05 1
8.5 -4.5 0 0 -0.05 1
8.5 4.5 0 0 0.05 1
-8.5 -5.5 0 0 -0.05 1
-8.5 5.5 0 0 0.05 1
8.5 -5.5 0 0 -0.05 1
8.5 5.5 0 0 0.05 1
-8.5 -6.5 0 0 -0.05 1
-8.5 6.5 0 0 0.05 1
8.5 -6.5 0 0 -0.05 1
8.5 6.5 0 0 0.05 1
-8.5 -7.5 0 0 -0.05 1
-8.5 7.5 0 0 0.05 1
8.5 -7.5 0 0 -0.05 1
8.5 7.5 0 0 0.05 1
-8.5 -8.5 0 0 -0.05 1
-8.5 8.5 0 0 0.05 1
8.5 -8.5 0 0 -0.05 1
8.5 8.5 0 0 0.05 1
-8.5 -9.5 0 0 -0.05 1
-8.5 9.5 0 0 0.05 1
8.5 -9.5 0 0 -0.05 1
8.5 9.5 0 0 0.05 1
-9.5 -0.5 0 0 -0.05 1
-9.5 0.5 0 0 0.05 1
9.5 -0.5 0 0 -0.05 1
9.5 0.5 0 0 0.05 1
-9.5 -1.5 0 0 -0.05 1
-9.5 1.5 0 0 0.05 1
9.5 -1.5 0 0 -0.05 1
9.5 1.5 0 0 0.05 1
-9.5 -2.5 0 0 -0.05 1
-9.5 2.5 0 0 0.05 1
9.5 -2.5 0 0 -0.05 1
9.5 2.5 0 0 0.05 1
-9.5 -3.5 0 0 -0.05 1
-9.5 3.5 0 0 0.05 1
9.5 -3.5 0 0 -0.05 1
9.5 3.5 0 0 0.05 1
-9.5 -4.5 0 0 -0.05 1
-9.5 4.5 0 0 0.05 1
9.5 -4.5 0 0 -0.05 1
9.5 4.5 0 0 0.05 1
-9.5 -5.5 0 0 -0.05 1
-9.5 5.5 0 0 0.05 1
9.5 -5.5 0 0 -0.05 1
9.5 5.5 0 0 0.05 1
-9.5 -6.5 0 0 -0.05 1
-9.5 6.5 0 0 0.05 1
9.5 -6.5 0 0 -0.05 1
9.5 6.5 0 0 0.05 1
-9.5 -7.5 0 0 -0.05 1
-9.5 7.5 0 0 0.05 1
9.5 -7.5 0 0 -0.05 1
9.5 7.5 0 0 0.05 1
-9.5 -8.5 0 0 -0.05 1
-9.5 8.5 0 0 0.05 1
9.5 -8.5 0 0 -0.05 1
9.5 8.5 0 0 0.05 1
-9.5 -9.5 0 0 -0.05 1
-9.5 9.5 0 0 0.05 1
9.5 -9.5 0 0 -0.05 1
9.5 9.5 0 0 0.05 1
-10.5 -0.5 0 0 -0.05 1
-10.5 0.5 0 0 0.05 1
10.5 -0.5 0 0 -0.05 1
10.5 0.5 0 0 0.05 1
-10.5 -1.5 0 0 -0.05 1
-10.5 1.5 0 0 0.05 1
10.5 -1.5 0 0 -0.05 1
10.5 1.5 0 0 0.05 1
-10.5 -2.5 0 0 -0.05 1
-10.5 2.5 0 0 0.05 1
10.5 -2.5 0 0 -0.05 1
10.5 2.5 0 0 0.05 1
-10.5 -3.5 0 0 -0.05 1
-10.5 3.5 0 0 0.05 1
10.5 -3.5 0 0 -0.05 1
10.5 3.5 0 0 0.05 1
-10.5 -4.5 0 0 -0.05 1
-10.5 4.5 0 0 0.05 1
10.5 -4.5 0 0 -0.05 1
10.5 4.5 0 0 0.05 1
-10.5 -5.5 0 0 -0.05 1
-10.5 5.5 0 0 0.05 1
10.5 -5.5 0 0 -0.05 1
10.5 5.5 0 0 0.05 1
-10.5 -6.5 0 0 -0.05 1
-10.5 6.5 0 0 0.05 1
10.5 -6.5 0 0 -0.05 1
10.5 6.5 0 0 0.05 1
-10.5 -7.5 0 0 -0.05 1
-10.5 7.5 0 0 0.05 1
10.5 -7.5 0 0 -0.05 1
10.5 7.5 0 0 0.05 1
-10.5 -8.5 0 0 -0.05 1
-10.5 8.5 0 0 0.05 1
10.5 -8.5 0 0 -0.05 1
10.5 8.5 0 0 0.05 1
-10.5 -9.5 0 0 -0.05 1
-10.5 9.5 0 0 0.05 1
10.5 -9.5 0 0 -0.05 1
10.5 9.5 0 0 0.05 1
-11.5 -0.5 0 0 -0.05 1
-11.5 0.5 0 0 0.05 1
11.5 -0.5 0 0 -0.05 1
11.5 0.5 0 0 0.05 1
-11.5 -1.5 0 0 -0.05 1
-11.5 1.5 0 0 0.05 1
11.5 -1.5 0 0 -0.05 1
11.5 1.5 0 0 0.05 1
-11.5 -2.5 0 0 -0.05 1
-11.5 2.5 0 0 0.05 1
11.5 -2.5 0 0 -0.05 1
11.5 2.5 0 0 0.05 1
-11.5 -3.5 0 0 -0.05 1
-11.5 3.5 0 0 0.05 1
11.5 -3.5 0 0 -0.05 1
11.5 3.5 0 0 0.05 1
-11.5 -4.5 0 0 -0.05 1
-11.5 4.5 0 0 0.05 1
11.5 -4.5 0 0 -0.05 1
11.5 4.5 0 0 0.05 1
-11.5 -5.5 0 0 -0.05 1
-11.5 5.5 0 0 0.05 1
11.5 -5.5 0 0 -0.05 1
11.5 5.5 0 0 0.05 1
-11.5 -6.5 0 0 -0.05 1
-11.5 6.5 0 0 0.05 1
11.5 -6.5 0 0 -0.05 1
11.5 6.5 0 0 0.05 1
-11.5 -7.5 0 0 -0.05 1
-11.5 7.5 0 0 0.05 1
11.5 -7.5 0 0 -0.05 1
11.5 7.5 0 0 0.05 1
-11.5 -8.5 0 0 -0.05 1
-11.5 8.5 0 0 0.05 1
11.5 -8.5 0 0 -0.05 1
11.5 8.5 0 0 0.05 1
-11.5 -9.5 0 0 -0.05 1
-11.5 9.5 0 0 0.05 1
11.5 -9.5 0 0 -0.05 1
11.5 9.5 0 0 0.05 1
-12.5 -0.5 0 0 -0.05 1
-12.5 0.5 0 0 0.05 1
12.5 -0.5 0 0 -0.05 1
12.5 0.5 0 0 0.05 1
-12.5 -1.5 0 0 -0.05 1
-12.5 1.5 0 0 0.05 1
12.5 -1.5 0 0 -0.05 1
12.5 1.5 0 0 0.05 1
-12.5 -2.5 0 0 -0.05 1
-12.5 2.5 0 0 0.05 1
12.5 -2.5 0 0 -0.05 1
12.5 2.5 0 0 0.05 1
-12.5 -3.5 0 0 -0.05 1
-12.5 3.5 0 0 0.05 1
12.5 -3.5 0 0 -0.05 1
12.5 3.5 0 0 0.05 1
-12.5 -4.5 0 0 -0.05 1
-12.5 4.5 0 0 0.05 1
12.5 -4.5 0 0 -0.05 1
12.5 4.5 0 0 0.05 1
-12.5 -5.5 0 0 -0.05 1
-12.5 5.5 0 0 0.05 1
12.5 -5.5 0 0 -0.05 1
12.5 5.5 0 0 0.05 1
-12.5 -6.5 0 0 -0.05 1
-12.5 6.5 0 0 0.05 1
12.5 -6.5 0 0 -0.05 1
12.5 6.5 0 0 0.05 1
-12.5 -7.5 0 0 -0.05 1
-12.5 7.5 0 0 0.05 1
12.5 -7.5 0 0 -0.05 1
12.5 7.5 0 0 0.05 1
-12.5 -8.5 0 0 -0.05 1
-12.5 8.5 0 0 0.05 1
12.5 -8.5 0 0 -0.05 1
12.5 8.5 0 0 0.05 1
-12.5 -9.5 0 0 -0.05 1
-12.5 9.5 0 0 0.05 1
12.5 -9.5 0 0 -0.05 1
12.5 9.5 0 0 0.05 1
-13.5 -0.5 0 0 -0.05 1
-13.5 0.5 0 0 0.05 1
13.5 -0.5 0 0 -0.05 1
13.5 0.5 0 0 0.05 1
-13.5 -1.5 0 0 -0.05 1
-13.5 1.5 0 0 0.05 1
13.5 -1.5 0 0 -0.05 1
13.5 1.5 0 0 0.05 1
-13.5 -2.5 0 0 -0.05 1
-13.5 2.5 0 0 0.05 1
13.5 -2.5 0 0 -0.05 1
13.5 2.5 0 0 0.05 1
-13.5 -3.5 0 0 -0.05 1
-13.5 3.5 0 0 0.05 1
13.5 -3.5 0 0 -0.05 1
13.5 3.5 0 0 0.05 1
-13.5 -4.5 0 0 -0.05 1
-13.5 4.5 0 0 0.05 1
13.5 -4.5 0 0 -0.05 1
13.5 4.5 0 0 0.05 1
-13.5 -5.5 0 0 -0.05 1
-13.5 5.5 0 0 0.05 1
13.5 -5.5 0 0 -0.05 1
13.5 5.5 0 0 0.05 1
-13.5 -6.5 0 0 -0.05 1
-13.5 6.5 0 0 0.05 1
13.5 -6.5 0 0 -0.05 1
13.5 6.5 0 0 0.05 1
-13.5 -7.5 0 0 -0.05 1
-13.5 7.5 0 0 0.05 1
13.5 -7.5 0 0 -0.05 1
13.5 7.5 0 0 0.05 1
-13.5 -8.5 0 0 -0.05 1
-13.5 8.5 0 0 0.05 1
13.5 -8.5 0 0 -0.05 1
13.5 8.5 0 0 0.05 1
-13.5 -9.5 0 0 -0.05 1
-13.5 9.5 0 0 0.05 1
13.5 -9.5 0 0 -0.05 1
13.5 9.5 0 0 0.05 1
-14.5 -0.5 0 0 -0.05 1
-14.5 0.5 0 0 0.05 1
14.5 -0.5 0 0 -0.05 1
14.5 0.5 0 0 0.05 1
-14.5 -1.5 0 0 -0.05 1
-14.5 1.5 0 0 0.05 1
14.5 -1.5 0 0 -0.05 1
14.5 1.5 0 0 0.05 1
-14.5 -2.5 0 0 -0.05 1
-14.5 2.5 0 0 0.05 1
14.5 -2.5 0 0 -0.05 1
14.5 2.5 0 0 0.05 1
-14.5 -3.5 0 0 -0.05 1
-14.5 3.5 0 0 0.05 1
14.5 -3.5 0 0 -0.05 1
14.5 3.5 0 0 0.05 1
-14.5 -4.5 0 0 -0.05 1
-14.5 4.5 0 0 0.05 1
14.5 -4.5 0 0 -0.05 1
14.5 4.5 0 0 0.05 1
-14.5 -5.5 0 0 -0.05 1
-14.5 5.5 0 0 0.05 1
14.5 -5.5 0 0 -0.05 1
14.5 5.5 0 0 0.05 1
-14.5 -6.5 0 0 -0.05 1
-14.5 6.5 0 0 0.05 1
14.5 -6.5 0 0 -0.05 1
14.5 6.5 0 0 0.05 1
-14.5 -7.5 0 0 -0.05 1
-14.5 7.5 0 0 0.05 1
14.5 -7.5 0 0 -0.05 1
14.5 7.5 0 0 0.05 1
-14.5 -8.5 0 0 -0.05 1
-14.5 8.5 0 0 0.05 1
14.5 -8.5 0 0 -0.05 1
14.5 8.5 0 0 0.05 1
-14.5 -9.5 0 0 -0.05 1
-14.5 9.5 0 0 0.05 1
14.5 -9.5 0 0 -0.05 1
14.5 9.5 0 0 0.05 1
-15.5 -0.5 0 0 -0.05 1
-15.5 0.5 0 0 0.05 1
15.5 -0.5 0 0 -0.05 1
15.5 0.5 0 0 0.05 1
-15.5 -1.5 0 0 -0.05 1
-15.5 1.5 0 0 0.05 1
15.5 -1.5 0 0 -0.05 1
15.5 1.5 0 0 0.05 1
-15.5 -2.5 0 0 -0.05 1
-15.5 2.5 0 0 0.05 1
15.5 -2.5 0 0 -0.05 1
15.5 2.5 0 0 0.05 1
-15.5 -3.5 0 0 -0.05 1
-15.5 3.5 0 0 0.05 1
15.5 -3.5 0 0 -0.05 1
15.5 3.5 0 0 0.05 1
-15.5 -4.5 0 0 -0.05 1
-15.5 4.5 0 0 0.05 1
15.5 -4.5 0 0 -0.05 1
15.5 4.5 0 0 0.05 1
-15.5 -5.5 0 0 -0.05 1
-15.5 5.5 0 0 0.05 1
15.5 -5.5 0 0 -0.05 1
15.5 5.5 0 0 0.05 1
-15.5 -6.5 0 0 -0.05 1
-15.5 6.5 0 0 0.05 1
15.5 -6.5 0 0 -0.05 1
15.5 6.5 0 0 0.05 1
-15.5 -7.5 0 0 -0.05 1
-15.5 7.5 0 0 0.05 1
15.5 -7.5 0 0 -0.05 1
15.5 7.5 0 0 0.05 1
-15.5 -8.5 0 0 -0.05 1
-15.5 8.5 0 0 0.05 1
15.5 -8.5 0 0 -0.05 1
15.5 8.5 0 0 0.05 1
-15.5 -9.5 0 0 -0.05 1
-15.5 9.5 0 0 0.05 1
15.5 -9.5 0 0 -0.05 1
15.5 9.5 0 0 0.05 1
-16.5 -0.5 0 0 -0.05 1
-16.5 0.5 0 0 0.05 1
16.5 -0.5 0 0 -0.05 1
16.5 0.5 0 0 0.05 1
-16.5 -1.5 0 0 -0.05 1
-16.5 1.5 0 0 0.05 1
16.5 -1.5 0 0 -0.05 1
16.5 1.5 0 0 0.05 1
-16.5 -2.5 0 0 -0.05 1
-16.5 2.5 0 0 0.05 1
16.5 -2.5 0 0 -0.05 1
16.5 2.5 0 0 0.05 1
-16.5 -3.5 0 0 -0.05 1
-16.5 3.5 0 0 0.05 1
16.5 -3.5 0 0 -0.05 1
16.5 3.5 0 0 0.05 1
-16.5 -4.5 0 0 -0.05 1
-16.5 4.5 0 0 0.05 1
16.5 -4.5 0 0 -0.05 1
16.5 4.5 0 0 0.05 1
-16.5 -5.5 0 0 -0.05 1
-16.5 5.5 0 0 0.05 1
16.5 -5.5 0 0 -0.05 1
16.5 5.5 0 0 0.05 1
-16.5 -6.5 0 0 -0.05 1
-16.5 6.5 0 0 0.05 1
16.5 -6.5 0 0 -0.05 1
16.5 6.5 0 0 0.05 1
-16.5 -7.5 0 0 -0.05 1
-16.5 7.5 0 0 0.05 1
16.5 -7.5 0 0 -0.05 1
16.5 7.5 0 0 0.05 1
-16.5 -8.5 0 0 -0.05 1
-16.5 8.5 0 0 0.05 1
16.5 -8.5 0 0 -0.05 1
16.5 8.5 0 0 0.05 1
-16.5 -9.5 0 0 -0.05 1
-16.5 9.5 0 0 0.05 1
16.5 -9.5 0 0 -0.05 1
16.5 9.5 0 0 0.05 1
-17.5 -0.5 0 0 -0.05 1
-17.5 0.5 0 0 0.05 1
17.5 -0.5 0 0 -0.05 1
17.5 0.5 0 0 0.05 1
-17.5 -1.5 0 0 -0.05 1
-17.5 1.5 0 0 0.05 1
17.5 -1.5 0 0 -0.05 1
17.5 1.5 0 0 0.05 1
-17.5 -2.5 0 0 -0.05 1
-17.5 2.5 0 0 0.05 1
17.5 -2.5 0 0 -0.05 1
17.5 2.5 0 0 0.05 1
-17.5 -3.5 0 0 -0.05 1
-17.5 3.5 0 0 0.05 1
17.5 -3.5 0 0 -0.05 1
17.5 3.5 0 0 0.05 1
-17.5 -4.5 0 0 -0.05 1
-17.5 4.5 0 0 0.05 1
17.5 -4.5 0 0 -0.05 1
17.5 4.5 0 0 0.05 1
-17.5 -5.5 0 0 -0.05 1
-17.5 5.5 0 0 0.05 1
17.5 -5.5 0 0 -0.05 1
17.5 5.5 0 0 0.05 1
-17.5 -6.5 0 0 -0.05 1
-17.5 6.5 0 0 0.05 1
17.5 -6.5 0 0 -0.05 1
17.5 6.5 0 0 0.05 1
-17.5 -7.5 0 0 -0.05 1
-17.5 7.5 0 0 0.05 1
17.5 -7.5 0 0 -0.05 1
17.5 7.5 0 0 0.05 1
-17.5 -8.5 0 0 -0.05 1
-17.5 8.5 0 0 0.05 1
17.5 -8.5 0 0 -0.05 1
17.5 8.5 0 0 0.05 1
-17.5 -9.5 0 0 -0.05 1
-17.5 9.5 0 0 0.05 1
17.5 -9.5 0 0 -0.05 1
17.5 9.5 0 0 0.05 1
-18.5 -0.5 0 0 -0.05 1
-18.5 0.5 0 0 0.05 1
18.5 -0.5 0 0 -0.05 1
18.5 0.5 0 0 0.05 1
-18.5 -1.5 0 0 -0.05 1
-18.5 1.5 0 0 0.05 1
18.5 -1.5 0 0 -0.05 1
18.5 1.5 0 0 0.05 1
-18.5 -2.5 0 0 -0.05 1
-18.5 2.5 0 0 0.05 1
18.5 -2.5 0 0 -0.05 1
18.5 2.5 0 0 0.05 1
-18.5 -3.5 0 0 -0.05 1
-18.5 3.5 0 0 0.05 1
18.5 -3.5 0 0 -0.05 1
18.5 3.5 0 0 0.05 1
-18.5 -4.5 0 0 -0.05 1
-18.5 4.5 0 0 0.05 1
18.5 -4.5 0 0 -0.05 1
18.5 4.5 0 0 0.05 1
-18.5 -5.5 0 0 -0.05 1
-18.5 5.5 0 0 0.05 1
18.5 -5.5 0 0 -0.05 1
18.5 5.5 0 0 0.05 1
-18.5 -6.5 0 0 -0.05 1
-18.5 6.5 0 0 0.05 1
18.5 -6.5 0 0 -0.05 1
18.5 6.5 0 0 0.05 1
-18.5 -7.5 0 0 -0.05 1
-18.5 7.5 0 0 0.05 1
18.5 -7.5 0 0 -0.05 1
18.5 7.5 0 0 0.05 1
-18.5 -8.5 0 0 -0.05 1
-18.5 8.5 0 0 0.05 1
18.5 -8.5 0 0 -0.05 1
18.5 8.5 0 0 0.05 1
-18.5 -9.5 0 0 -0.05 1
-18.5 9.5 0 0 0.05 1
18.5 -9.5 0 0 -0.05 1
18.5 9.5 0 0 0.05 1
-19.5 -0.5 0 0 -0.05 1
-19.5 0.5 0 0 0.05 1
19.5 -0.5 0 0 -0.05 1
19.5 0.5 0 0 0.05 1
-19.5 -1.5 0 0 -0.05 1
-19.5 1.5 0 0 0.05 1
19.5 -1.5 0 0 -0.05 1
19.5 1.5 0 0 0.05 1
-19.5 -2.5 0 0 -0.05 1
-19.5 2.5 0 0 0.05 1
19.5 -2.5 0 0 -0.05 1
19.5 2.5 0 0 0.05 1
-19.5 -3.5 0 0 -0.05 1
-19.5 3.5 0 0 0.05 1
19.5 -3.5 0 0 -0.05 1
19.5 3.5 0 0 0.05 1
-19.5 -4.5 0 0 -0.05 1
-19.5 4.5 0 0 0.05 1
19.5 -4.5 0 0 -0.05 1
19.5 4.5 0 0 0.05 1
-19.5 -5.5 0 0 -0.05 1
-19.5 5.5 0 0 0.05 1
19.5 -5.5 0 0 -0.05 1
19.5 5.5 0 0 0.05 1
-19.5 -6.5 0 0 -0.05 1
-19.5 6.5 0 0 0.05 1
19.5 -6.5 0 0 -0.05 1
19.5 6.5 0 0 0.05 1
-19.5 -7.5 0 0 -0.05 1
-19.5 7.5 0 0 0.05 1
19.5 -7.5 0 0 -0.05 1
19.5 7.5 0 0 0.05 1
-19.5 -8.5 0 0 -0.05 1
-19.5 8.5 0 0 0.05 1
19.5 -8.5 0 0 -0.05 1
19.5 8.5 0 0 0.05 1
-19.5 -9.5 0 0 -0.05 1
-19.5 9.5 0 0 0.05 1
19.5 -9.5 0 0 -0.05 1
19.5 9.5 0 0 0.05 1
-20.5 -0.5 0 0 -0.05 1
-20.5 0.5 0 0 0.05 1
20.5 -0.5 0 0 -0.05 1
20.5 0.5 0 0 0.05 1
-20.5 -1.5 0 0 -0.05 1
-20.5 1.5 0 0 0.05 1
20.5 -1.5 0 0 -0.05 1
20.5 1.5 0 0 0.05 1
-20.5 -2.5 0 0 -0.05 1
-20.5 2.5 0 0 0.05 1
20.5 -2.5 0 0 -0.05 1
20.5 2.5 0 0 0.05 1
-20.5 -3.5 0 0 -0.05 1
-20.5 3.5 0 0 0.05 1
20.5 -3.5 0 0 -0.05 1
20.5 3.5 0 0 0.05 1
-20.5 -4.5 0 0 -0.05 1
-20.5 4.5 0 0 0.05 1
20.5 -4.5 0 0 -0.05 1
20.5 4.5 0 0 0.05 1
-20.5 -5.5 0 0 -0.05 1
-20.5 5.5 0 0 0.05 1
20.5 -5.5 0 0 -0.05 1
20.5 5.5 0 0 0.05 1
-20.5 -6.5 0 0 -0.05 1
-20.5 6.5 0 0 0.05 1
20.5 -6.5 0 0 -0.05 1
20.5 6.5 0 0 0.05 1
-20.5 -7.5 0 0 -0.05 1
-20.5 7.5 0 0 0.05 1
20.5 -7.5 0 0 -0.05 1
20.5 7.5 0 0 0.05 1
-20.5 -8.5 0 0 -0.05 1
-20.5 8.5 0 0 0.05 1
20.5 -8.5 0 0 -0.05 1
20.5 8.5 0 0 0.05 1
-20.5 -9.5 0 0 -0.05 1
-20.5 9.5 0 0 0.05 1
20.5 -9.5 0 0 -0.05 1
20.5 9.5 0 0 0.05 1
-21.5 -0.5 0 0 -0.05 1
-21.5 0.5 0 0 0.05 1
21.5 -0.5 0 0 -0.05 1
21.5 0.5 0 0 0.05 1
-21.5 -1.5 0 0 -0.05 1
-21.5 1.5 0 0 0.05 1
21.5 -1.5 0 0 -0.05 1
21.5 1.5 0 0 0.05 1
-21.5 -2.5 0 0 -0.05 1
-21.5 2.5 0 0 0.05 1
21.5 -2.5 0 0 -0.05 1
21.5 2.5 0 0 0.05 1
-21.5 -3.5 0 0 -0.05 1
-21.5 3.5 0 0 0.05 1
21.5 -3.5 0 0 -0.05 1
21.5 3.5 0 0 0.05 1
-21.5 -4.5 0 0 -0.05 1
-21.5 4.5 0 0 0.05 1
21.5 -4.5 0 0 -0.05 1
21.5 4.5 0 0 0.05 1
-21.5 -5.5 0 0 -0.05 1
-21.5 5.5 0 0 0.05 1
21.5 -5.5 0 0 -0.05 1
21.5 5.5 0 0 0.05 1
-21.5 -6.5 0 0 -0.05 1
-21.5 6.5 0 0 0.05 1
21.5 -6.5 0 0 -0.05 1
21.5 6.5 0 0 0.05 1
-21.5 -7.5 0 0 -0.05 1
-21.5 7.5 0 0 0.05 1
21.5 -7.5 0 0 -0.05 1
21.5 7.5 0 0 0.05 1
-21.5 -8.5 0 0 -0.05 1
-21.5 8.5 0 0 0.05 1
21.5 -8.5 0 0 -0.05 1
21.5 8.5 0 0 0.05 1
-21.5 -9.5 0 0 -0.05 1
-21.5 9.5 0 0 0.05 1
21.5 -9.5 0 0 -0.05 1
21.5 9.5 0 0 0.05 1
-22.5 -0.5 0 0 -0.05 1
-22.5 0.5 0 0 0.05 1
22.5 -0.5 0 0 -0.05 1
22.5 0.5 0 0 0.05 1
-22.5 -1.5 0 0 -0.05 1
-22.5 1.5 0 0 0.05 1
22.5 -1.5 0 0 -0.05 1
22.5 1.5 0 0 0.05 1
-22.5 -2.5 0 0 -0.05 1
-22.5 2.5 0 0 0.05 1
22.5 -2.5 0 0 -0.05 1
22.5 2.5 0 0 0.05 1
-22.5 -3.5 0 0 -0.05 1
-22.5 3.5 0 0 0.05 1
22.5 -3.5 0 0 -0.05 1
22.5 3.5 0 0 0.05 1
-22.5 -4.5 0 0 -0.05 1
-22.5 4.5 0 0 0.05 1
22.5 -4.5 0 0 -0.05 1
22.5 4.5 0 0 0.05 1
-22.5 -5.5 0 0 -0.05 1
-22.5 5.5 0 0 0.05 1
22.5 -5.5 0 0 -0.05 1
22.5 5.5 0 0 0.05 1
-22.5 -6.5 0 0 -0.05 1
-22.5 6.5 0 0 0.05 1
22.5 -6.5 0 0 -0.05 1
22.5 6.5 0 0 0.05 1
-22.5 -7.5 0 0 -0.05 1
-22.5 7.5 0 0 0.05 1
22.5 -7.5 0 0 -0.05 1
22.5 7.5 0 0 0.05 1
-22.5 -8.5 0 0 -0.05 1
-22.5 8.5 0 0 0.05 1
22.5 -8.5 0 0 -0.05 1
22.5 8.5 0 0 0.05 1
-22.5 -9.5 0 0 -0.05 1
-22.5 9.5 0 0 0.05 1
22.5 -9.5 0 0 -0.05 1
22.5 9.5 0 0 0.05 1
-23.5 -0.5 0 0 -0.05 1
-23.5 0.5 0 0 0.05 1
23.5 -0.5 0 0 -0.05 1
23.5 0.5 0 0 0.05 1
-23.5 -1.5 0 0 -0.05 1
-23.5 1.5 0 0 0.05 1
23.5 -1.5 0 0 -0.05 1
23.5 1.5 0 0 0.05 1
-23.5 -2.5 0 0 -0.05 1
-23.5 2.5 0 0 0.05 1
23.5 -2.5 0 0 -0.05 1
23.5 2.5 0 0 0.05 1
-23.5 -3.5 0 0 -0.05 1
-23.5 3.5 0 0 0.05 1
23.5 -3.5 0 0 -0.05 1
23.5 3.5 0 0 0.05 1
-23.5 -4.5 0 0 -0.05 1
-23.5 4.5 0 0 0.05 1
23.5 -4.5 0 0 -0.05 1
23.5 4.5 0 0 0.05 1
-23.5 -5.5 0 0 -0.05 1
-23.5 5.5 0 0 0.05 1
23.5 -5.5 0 0 -0.05 1
23.5 5.5 0 0 0.05 1
-23.5 -6.5 0 0 -0.05 1
-23.5 6.5 0 0 0.05 1
23.5 -6.5 0 0 -0.05 1
23.5 6.5 0 0 0.05 1
-23.5 -7.5 0 0 -0.05 1
-23.5 7.5 0 0 0.05 1
23.5 -7.5 0 0 -0.05 1
23.5 7.5 0 0 0.05 1
-23.5 -8.5 0 0 -0.05 1
-23.5 8.5 0 0 0.05 1
23.5 -8.5 0 0 -0.05 1
23.5 8.5 0 0 0.05 1
-23.5 -9.5 0 0 -0.05 1
-23.5 9.5 0 0 0.05 1
23.5 -9.5 0 0 -0.05 1
23.5 9.5 0 0 0.05 1
-24.5 -0.5 0 0 -0.05 1
-24.5 0.5 0 0 0.05 1
24.5 -0.5 0 0 -0.05 1
24.5 0.5 0 0 0.05 1
-24.5 -1.5 0 0 -0.05 1
-24.5 1.5 0 0 0.05 1
24.5 -1.5 0 0 -0.05 1
24.5 1.5 0 0 0.05 1
-24.5 -2.5 0 0 -0.05 1
-24.5 2.5 0 0 0.05 1
24.5 -2.5 0 0 -0.05 1
24.5 2.5 0 0 0.05 1
-24.5 -3.5 0 0 -0.05 1
-24.5 3.5 0 0 0.05 1
24.5 -3.5 0 0 -0.05 1
24.5 3.5 0 0 0.05 1
-24.5 -4.5 0 0 -0.05 1
-24.5 4.5 0 0 0.05 1
24.5 -4.5 0 0 -0.05 1
24.5 4.5 0 0 0.05 1
-24.5 -5.5 0 0 -0.05 1
-24.5 5.5 0 0 0.05 1
24.5 -5.5 0 0 -0.05 1
24.5 5.5 0 0 0.05 1
-24.5 -6.5 0 0 -0.05 1
-24.5 6.5 0 0 0.05 1
24.5 -6.5 0 0 -0.05 1
24.5 6.5 0 0 0.05 1
-24.5 -7.5 0 0 -0.05 1
-24.5 7.5 0 0 0.05 1
24.5 -7.5 0 0 -0.05 1
24.5 7.5 0 0 0.05 1
-24.5 -8.5 0 0 -0.05 1
-24.5 8.5 0 0 0.05 1
24.5 -8.5 0 0 -0.05 1
24.5 8.5 0 0 0.05 1
-24.5 -9.5 0 0 -0.05 1
-24.5 9.5 0 0 0.05 1
24.5 -9.5 0 0 -0.05 1
24.5 9.5 0 0 0.05 1
-25.5 -0.5 0 0 -0.05 1
-25.5 0.5 0 0 0.05 1
25.5 -0.5 0 0 -0.05 1
25.5 0.5 0 0 0.05 1
-25.5 -1.5 0 0 -0.05 1
-25.5 1.5 0 0 0.05 1
25.5 -1.5 0 0 -0.05 1
25.5 1.5 0 0 0.05 1
-25.5 -2.5 0 0 -0.05 1
-25.5 2.5 0 0 0.05 1
25.5 -2.5 0 0 -0.05 1
25.5 2.5 0 0 0.05 1
-25.5 -3.5 0 0 -0.05 1
-25.5 3.5 0 0 0.05 1
25.5 -3.5 0 0 -0.05 1
25.5 3.5 0 0 0.05 1
-25.5 -4.5 0 0 -0.05 1
-25.5 4.5 0 0 0.05 1
25.5 -4.5 0 0 -0.05 1
25.5 4.5 0 0 0.05 1
-25.5 -5.5 0 0 -0.05 1
-25.5 5.5 0 0 0.05 1
25.5 -5.5 0 0 -0.05 1
25.5 5.5 0 0 0.05 1
