x y vx vy mass charge
-9.79699 -11.6599 0.00350342 0.00149501 1 0.02
-6.16944 -16.2629 0.000878245 -0.00122079 1 0.02
-1.90535 -16.1758 0.00168869 0.0034177 1 0.02
-1.38589 -19.0304 -0.00180685 8.15919e-05 1 0.02
-9.36141 -14.4856 -0.00126742 0.00218602 1 0.02
-3.46482 -13.397 -0.000249961 -0.000578457 1 0.02
-2.48981 -19.0376 0.00117849 -0.00339779 1 0.02
-0.840313 -16.1688 -0.000209912 -0.00124801 1 0.02
-5.61295 -15.2915 -0.000808241 0.00199902 1 0.02
0.238669 -18.061 -0.00518319 -0.000215234 1 0.02
-4.09574 -18.1187 -0.003851 -0.00262933 1 0.02
0.759466 -17.106 -0.000238366 -0.00604043 1 0.02
-2.42707 -15.2415 -0.00580728 0.00223989 1 0.02
3.48208 -18.1255 -0.000122234 -0.00300977 1 0.02
-2.44614 -17.1235 0.00150649 -0.00573419 1 0.02
3.40454 -16.1963 0.00227269 0.00155633 1 0.02
-3.00424 -18.0755 -0.00101899 0.000173929 1 0.02
-0.841192 -18.0666 -0.000416711 -0.000516924 1 0.02
-1.92027 -18.0697 0.000272232 -0.00355398 1 0.02
9.73042 -12.592 -0.00423878 -0.000741845 1 0.02
8.22326 -15.3857 -0.00196111 -0.00152626 1 0.02
6.0543 -15.3209 -0.00363577 -0.000314415 1 0.02
-0.286165 -19.0237 -0.000865783 0.00172187 1 0.02
6.60946 -16.2836 0.00361889 0.0014608 1 0.02
5.53727 -16.2689 -0.00137166 0.00353753 1 0.02
-11.4443 -12.682 -0.00537918 -0.00303983 1 0.02
-6.64157 -13.445 0.00137931 0.00262382 1 0.02
-9.83187 -13.5303 0.000516697 -0.00335766 1 0.02
-8.21557 -12.5508 -0.00212444 -0.00126731 1 0.02
-5.58371 -13.4256 0.00329101 -0.00110959 1 0.02
-3.48791 -15.2522 -6.59334e-05 -0.0010972 1 0.02
-8.82952 -15.432 -0.00206611 0.0045533 1 0.02
-1.36612 -15.2363 -0.00637168 -0.00112543 1 0.02
-2.94626 -14.3175 0.000189513 0.000381577 1 0.02
-5.55339 -11.5784 -0.00189335 0.00818367 1 0.02
-0.834148 -14.3045 0.00391738 -0.000988715 1 0.02
-0.832092 -10.6376 0.00146552 -0.00084694 1 0.02
-1.36112 -13.3809 -0.00393606 0.000628936 1 0.02
4.47278 -16.2203 -5.14996e-05 -0.00203861 1 0.02
1.28718 -16.1673 0.00025489 0.00275144 1 0.02
1.31182 -18.0626 0.00286205 -0.000505527 1 0.02
3.95498 -17.1524 0.00447492 -0.00369083 1 0.02
2.86675 -15.2441 0.00122088 -0.00432161 1 0.02
7.07964 -13.4613 -0.00136591 -0.00231199 1 0.02
9.70495 -10.7367 0.000478422 0.00345531 1 0.02
9.22838 -13.5202 -0.00309093 0.00202909 1 0.02
5.96319 -7.94716 -0.00178062 -0.000267383 1 0.02
9.17788 -11.6468 -0.000606143 -0.0017368 1 0.02
8.14617 -13.4851 -0.000763638 -0.00148705 1 0.02
12.9557 -10.8385 -0.00378935 0.00479786 1 0.02
-8.76959 -13.5034 0.00248814 0.00380363 1 0.02
-10.8234 -7.9985 0.00220367 0.00456515 1 0.02
-7.74606 -15.3732 0.000528617 -0.001781 1 0.02
-8.18688 -10.6993 -0.0052578 0.00451539 1 0.02
-9.28089 -12.5778 -0.00311564 -0.00233467 1 0.02
-4.54933 -15.2661 0.00482354 0.000204975 1 0.02
-2.40401 -11.5531 0.00183118 0.0026013 1 0.02
-13.5475 -8.95825 -0.00276952 -0.000887402 1 0.02
-4.03111 -16.198 0.00294868 -0.00281025 1 0.02
-5.0409 -12.494 0.00273997 0.00204705 1 0.02
-1.88063 -12.4651 0.000806671 0.000436294 1 0.02
-0.30703 -17.111 -0.000206413 0.00209278 1 0.02
7.13486 -15.3501 -0.00150204 0.00121919 1 0.02
0.21744 -12.4625 -0.000619716 0.00632878 1 0.02
6.01804 -13.44 0.00302079 0.00406323 1 0.02
0.814468 -19.0302 0.000338171 0.00071788 1 0.02
7.05089 -11.6067 0.000527325 0.000804714 1 0.02
4.44268 -14.3399 -0.00325498 0.000433464 1 0.02
10.7951 -12.6301 0.00328878 0.00355312 1 0.02
8.70203 -14.4364 -0.00243286 -0.00180094 1 0.02
9.77653 -14.5284 0.000341337 0.00128959 1 0.02
7.57094 -10.6929 -0.00295556 0.0021686 1 0.02
10.3107 -13.5802 -0.00211817 0.000761448 1 0.02
10.2509 -11.6778 0.00108726 -0.00345118 1 0.02
9.15387 -9.80286 -0.00530171 0.00198304 1 0.02
-13.0281 -11.7962 0.00145318 0.00301927 1 0.02
-10.8711 -11.6962 0.00289087 0.0022037 1 0.02
-11.3919 -10.776 0.00546735 0.00238344 1 0.02
-7.1099 -8.85965 0.0013922 -0.00291096 1 0.02
-7.67098 -11.6108 0.000787785 -0.000566345 1 0.02
-3.51979 -17.1396 0.00265522 -0.00356473 1 0.02
-6.68075 -15.3281 0.00511632 -0.000342529 1 0.02
-6.6085 -11.5957 -0.00187515 0.00148463 1 0.02
-5.67578 -17.2267 -0.00166269 -0.00200692 1 0.02
-6.128 -14.3682 -0.00197501 -0.00177389 1 0.02
0.743994 -13.3792 -0.000431946 0.00170743 1 0.02
-8.27626 -14.4415 -0.00536148 -0.0010287 1 0.02
-1.37549 -17.1151 0.00504867 0.00164969 1 0.02
6.5335 -12.5201 0.000830042 0.00146138 1 0.02
1.80932 -15.2352 -0.000419822 0.00197801 1 0.02
7.69412 -16.3434 0.00235769 0.00641005 1 0.02
4.98925 -15.2916 -0.000618776 -0.000496658 1 0.02
0.223658 -16.1681 -0.00394997 -0.000753842 1 0.02
1.82788 -17.1192 0.0010866 0.00227578 1 0.02
5.50319 -14.3603 0.00247874 -0.00254795 1 0.02
5.98085 -9.75914 -0.0016534 -0.00698219 1 0.02
12.9225 -8.96137 0.00462959 -0.00349348 1 0.02
8.11472 -11.6244 0.000579191 -0.00644496 1 0.02
7.01337 -7.95364 0.00332924 -0.00352885 1 0.02
7.6328 -14.4137 8.97156e-05 -0.00196723 1 0.02
-9.25006 -10.7216 -0.000503362 -0.000360209 1 0.02
-11.9451 -11.7338 -0.00188592 -0.000200325 1 0.02
-8.72961 -11.6343 0.00472857 0.000485498 1 0.02
-9.73064 -4.35837 -0.0016597 0.00399147 1 0.02
-8.69166 -7.96948 0.00635861 0.00518642 1 0.02
-7.70312 -13.4743 -0.00188316 -0.00136262 1 0.02
-5.06413 -14.343 0.00143956 -0.000382374 1 0.02
-10.9034 -13.6275 -0.000352764 0.00187451 1 0.02
-4.59391 -17.1577 -0.00173076 0.00143582 1 0.02
-1.89164 -14.3104 0.000835227 0.00107495 1 0.02
-2.93401 -12.473 0.00103956 -0.00442127 1 0.02
-7.15674 -12.5267 0.00230459 0.000435414 1 0.02
0.750479 -15.2333 0.00248648 -0.000250215 1 0.02
-0.310149 -13.3787 -0.000473274 -0.002789 1 0.02
-0.306231 -11.546 0.000285568 -0.00136897 1 0.02
-0.305986 -15.233 0.00172427 -0.00229652 1 0.02
5.99364 -11.5877 -4.73665e-05 0.00449576 1 0.02
2.32888 -14.3068 -0.00432755 -0.00106385 1 0.02
3.92618 -15.2627 0.000985257 0.00159134 1 0.02
7.59686 -12.54 0.00155311 0.00203622 1 0.02
8.63771 -10.7149 0.00450479 -0.00458251 1 0.02
8.61069 -8.87983 0.000831569 0.00284892 1 0.02
7.03296 -9.77189 -0.00108766 0.00377669 1 0.02
11.865 -10.7978 0.000131604 -0.00299225 1 0.02
8.66621 -12.5657 0.00186051 0.00277231 1 0.02
-10.3207 -10.7459 0.00527422 0.00235973 1 0.02
-7.25349 -16.3413 0.00212784 0.001803 1 0.02
-13.5113 -7.11552 0.00107205 -0.00303712 1 0.02
-9.20104 -5.2588 -0.00256986 -0.00587506 1 0.02
-7.64646 -9.77965 -0.00322251 0.00053588 1 0.02
-5.10148 -16.2225 -0.00118711 0.000543373 1 0.02
-6.59123 -9.7645 0.00115906 0.00237058 1 0.02
-8.14327 -5.25157 -0.00167119 -0.0037783 1 0.02
-6.07536 -10.6688 0.00178703 -0.000256168 1 0.02
-3.98525 -12.4817 -0.00508971 0.00452268 1 0.02
-2.41047 -13.3871 -0.00143246 -0.000575268 1 0.02
-4.52369 -13.4091 0.00184949 0.00113347 1 0.02
-6.09649 -12.5089 0.00294392 -0.00114591 1 0.02
0.220311 -14.3025 -0.00211816 -5.49877e-05 1 0.02
-0.826859 -7.02083 -0.00392581 0.00156098 1 0.02
-2.39556 -9.73083 -0.000475383 0.00283781 1 0.02
2.89123 -17.1492 0.000941619 0.00251226 1 0.02
4.94138 -11.5714 -1.49767e-05 0.00677416 1 0.02
3.37043 -12.4738 -0.00354006 0.00278323 1 0.02
3.87874 -9.74197 -0.00249783 -0.00475573 1 0.02
6.56434 -14.3843 0.00130855 0.00444068 1 0.02
11.8003 -7.104 -0.0031446 0.0028035 1 0.02
8.07121 -7.9653 0.000773806 0.00215286 1 0.02
11.3347 -11.7173 0.00327869 0.00120381 1 0.02
10.7791 -10.765 -0.00551486 -0.000428664 1 0.02
-10.3594 -12.6183 -0.000686667 0.00316793 1 0.02
-9.73924 -6.16568 0.00330076 0.00215695 1 0.02
-8.14 -3.45402 0.00102103 0.00235928 1 0.02
-9.77312 -9.81263 -0.00154815 -0.000459344 1 0.02
-7.63405 -7.95845 0.00178317 0.00242385 1 0.02
-5.53154 -7.93954 0.00113853 0.00027873 1 0.02
-7.1288 -10.6862 -0.00417292 0.00028743 1 0.02
-2.92159 -10.6446 -0.00197232 -0.00118407 1 0.02
-0.83212 -12.4617 0.000610053 -0.000731205 1 0.02
-3.97087 -10.6513 -0.000113042 0.000276041 1 0.02
-5.01133 -8.84143 -0.000571735 -0.000204955 1 0.02
1.2625 -10.6372 -0.000368763 -0.000815234 1 0.02
-4.00222 -14.3283 0.0057082 -0.000749177 1 0.02
2.31951 -12.4658 -0.0033115 0.00180752 1 0.02
0.740502 -11.5465 0.000499682 0.00407955 1 0.02
4.40833 -10.6553 0.00113681 0.00169936 1 0.02
5.02355 -17.2235 0.00198306 0.00236669 1 0.02
3.90554 -13.401 0.00096398 0.00237921 1 0.02
4.95931 -13.4186 -0.0010148 -0.0031412 1 0.02
6.51314 -10.6781 0.00369202 0.0050813 1 0.02
4.399 -8.83774 0.000274106 0.00273974 1 0.02
7.53268 -7.05669 0.00468411 -0.0040932 1 0.02
9.67526 -8.89736 0.00178344 -7.46952e-05 1 0.02
10.2231 -9.82689 -0.00361611 0.00426537 1 0.02
13.4185 -6.20413 0.000914446 0.00417602 1 0.02
-12.4783 -10.809 -0.000721284 0.00735638 1 0.02
-10.8454 -9.83225 0.000593375 0.00256786 1 0.02
-11.3492 -7.08855 -0.000764518 0.00121125 1 0.02
-10.2647 -5.26673 0.000484598 0.00115701 1 0.02
-9.2176 -7.0668 -0.00427697 -0.00297541 1 0.02
-8.70648 -9.79027 -0.00204218 -0.000913931 1 0.02
-7.08499 -3.45026 0.00267395 0.00203119 1 0.02
-3.96361 -8.83378 0.00231594 -0.00620349 1 0.02
-5.53827 -9.75116 -0.00295688 0.000217984 1 0.02
-5.02038 -10.657 -0.0016897 -0.00226965 1 0.02
0.215768 -10.6348 -0.00140482 -0.00287034 1 0.02
-0.306081 -9.72993 -0.000896565 -0.00153177 1 0.02
2.34934 -16.1812 0.000891905 0.0017687 1 0.02
1.27329 -14.3044 0.00517168 -0.00257741 1 0.02
3.38787 -14.3181 -0.00494239 -0.00161447 1 0.02
6.11934 -17.2413 -0.000212484 0.00570416 1 0.02
4.91421 -7.93927 -0.00670264 0.00278003 1 0.02
5.43307 -7.04012 0.0030406 0.000631557 1 0.02
7.553 -8.86843 0.00403822 -0.00158185 1 0.02
4.92884 -9.75047 -0.000429477 -0.000570294 1 0.02
8.59047 -7.06682 -0.00574472 0.00732288 1 0.02
9.13225 -7.97941 -0.00180321 -0.00574106 1 0.02
13.4887 -9.9069 0.00014492 0.00148875 1 0.02
11.868 -12.7216 -0.00114953 0.00349516 1 0.02
15.0029 -1.6825 -0.00194926 -0.000749183 1 0.02
-16.8357 -1.67496 -0.00137503 -0.002061 1 0.02
-13.5676 -10.843 -5.84812e-05 0.00262911 1 0.02
-11.3749 -8.92647 -8.75553e-07 -0.00232824 1 0.02
-12.9587 -6.19688 -0.0022257 -0.00339323 1 0.02
-9.23038 -8.88646 0.0055439 -0.00128423 1 0.02
-6.05867 -8.8485 -0.000600373 0.00258849 1 0.02
-3.45174 -11.56 -8.03419e-05 -0.00269934 1 0.02
-9.75538 -7.98101 2.76953e-05 -0.00168565 1 0.02
-4.50587 -11.5675 0.000345007 0.00401126 1 0.02
-2.96993 -16.1827 -0.00434821 -0.00512201 1 0.02
-1.35478 -11.5487 -0.0019095 0.00438511 1 0.02
-1.87226 -8.82553 -0.00447393 -0.00239112 1 0.02
-1.8774 -10.6405 0.00321384 -0.00581413 1 0.02
-1.86563 -7.02353 -0.00321074 -0.00459629 1 0.02
2.38327 -18.1151 -0.00359991 0.00251504 1 0.02
2.85124 -13.39 0.000675432 0.00112241 1 0.02
1.7834 -9.73327 -0.00136782 -0.00128321 1 0.02
6.4974 -8.85567 -0.00514555 0.00939239 1 0.02
1.79524 -13.3798 -0.000508814 -0.000401263 1 0.02
5.4588 -10.664 -0.00480395 -0.000846076 1 0.02
8.09169 -9.78584 -0.00386496 0.00316458 1 0.02
11.2767 -8.01163 -0.00321992 0.00247166 1 0.02
10.7492 -8.91951 0.00102586 0.000828588 1 0.02
12.4205 -11.7761 -0.00193294 -0.000979074 1 0.02
13.9264 -3.47713 -3.65037e-05 0.00143394 1 0.02
-14.119 -9.90235 0.00183722 -0.00181019 1 0.02
-15.1526 -4.40335 0.000580596 0.00216652 1 0.02
-11.9265 -9.86192 0.00287406 -0.000613809 1 0.02
-15.1369 -0.769005 0.00288655 -0.00114507 1 0.02
-11.8975 -8.00983 -0.00157278 -0.00219731 1 0.02
-10.8047 -6.17754 -0.00118421 0.00457885 1 0.02
-8.168 -8.87233 0.00176876 0.00496144 1 0.02
-6.5786 -7.94543 0.00250352 -0.00359702 1 0.02
-4.48256 -7.93493 -0.00247528 0.00205134 1 0.02
-7.09055 -5.24467 0.00272159 -0.00264456 1 0.02
-2.39337 -7.92485 -0.00263415 -0.00200352 1 0.02
-1.35232 -9.72928 -0.00310575 -0.00326242 1 0.02
-1.35106 -7.92176 0.00124573 0.00224188 1 0.02
-0.831246 -8.8265 -0.00247513 0.00427317 1 0.02
1.26605 -12.46 0.00634868 0.000299959 1 0.02
1.79135 -11.5475 -0.00321439 0.000166882 1 0.02
2.84118 -11.5554 -0.00131565 0.003002 1 0.02
4.42702 -12.4847 0.000332818 9.52808e-05 1 0.02
5.47857 -12.4993 -0.00140789 -0.00267702 1 0.02
2.30312 -8.82929 0.000735363 0.00445322 1 0.02
6.47792 -7.04821 -0.00405032 0.00146146 1 0.02
10.1983 -7.9967 0.00241769 0.00656623 1 0.02
10.7224 -7.09656 0.00242804 0.00515268 1 0.02
11.832 -8.93923 -0.00376746 0.00447351 1 0.02
13.9805 -7.13186 -0.000158514 0.00106067 1 0.02
-12.4515 -8.93911 0.00081784 0.000102799 1 0.02
-12.4253 -7.10335 0.000738123 0.000388553 1 0.02
-10.2584 -3.4616 0.00352087 -0.00535635 1 0.02
-10.2991 -8.90163 -0.00198603 2.67879e-05 1 0.02
-8.67456 -6.15795 0.00547348 0.000825898 1 0.02
-6.04172 -5.24033 -0.0012878 0.000288827 1 0.02
-7.62225 -6.14935 0.00402781 -0.000576881 1 0.02
-8.15583 -7.05794 0.000527871 -0.00258574 1 0.02
-4.47334 -6.13374 0.000130387 0.00135708 1 0.02
-4.99981 -7.03169 0.00171932 -0.0011455 1 0.02
-3.44264 -9.73884 0.00601312 0.00159064 1 0.02
-4.49155 -9.74594 -0.0013371 0.00505436 1 0.02
0.736794 -6.1235 0.00107556 -0.00325326 1 0.02
0.735718 -7.9235 -0.00214036 0.00220013 1 0.02
2.83162 -9.73746 0.00106388 0.00075215 1 0.02
2.8165 -6.12793 -0.00303297 0.000499597 1 0.02
3.89 -11.5641 -0.00204102 0.00238995 1 0.02
5.4501 -8.84697 0.00348781 -0.00123483 1 0.02
4.90608 -6.13621 0.00263384 -0.00419418 1 0.02
3.36016 -10.6452 -0.000763784 0.00125479 1 0.02
7.00242 -6.14863 0.00723472 0.00159752 1 0.02
9.65436 -7.0771 0.00328625 0.00656079 1 0.02
12.3908 -9.8786 -0.00126371 0.000330136 1 0.02
14.5153 -6.21272 -0.000863047 0.000946161 1 0.02
12.8834 -7.11702 -0.00372093 -0.00247454 1 0.02
-7.1993 -14.3996 -0.00508903 0.00113101 1 0.02
-12.944 -2.57232 0.00349753 0.00211297 1 0.02
-12.4103 -5.28466 9.42325e-05 -0.00103652 1 0.02
-8.66773 -4.35597 0.000221375 -0.00487174 1 0.02
-11.3355 -5.27438 -0.00274568 4.82201e-05 1 0.02
-7.61381 -4.34713 0.00179918 0.000996833 1 0.02
-6.57119 -6.14126 -0.00122321 -0.00320504 1 0.02
-7.10255 -7.04792 0.00395849 -0.000900361 1 0.02
-4.47007 -4.34131 0.00465431 0.00365473 1 0.02
-2.387 -6.12671 0.00016883 0.0033752 1 0.02
-3.95432 -7.03155 0.00358461 5.30016e-05 1 0.02
-2.91613 -8.82913 0.00308935 -0.000319491 1 0.02
2.30961 -10.6421 -0.00181358 0.00232018 1 0.02
-2.90969 -7.02935 0.000929116 3.18735e-05 1 0.02
1.25632 -8.82682 -9.3778e-05 -0.00107985 1 0.02
1.25697 -7.02437 0.000116719 -0.00498346 1 0.02
1.77999 -7.92738 0.000139415 -0.00218067 1 0.02
3.8523 -4.33854 0.000627973 0.00319549 1 0.02
3.34292 -7.02882 0.00201311 0.00205872 1 0.02
10.1757 -6.17973 -0.000400554 -0.0015397 1 0.02
3.86578 -7.93406 -0.000412391 0.00337997 1 0.02
11.3051 -9.85093 0.00227519 -0.00218893 1 0.02
12.3576 -8.02815 0.00072657 -0.000495928 1 0.02
12.302 -4.38504 0.00252966 -0.00250545 1 0.02
14.4895 -4.37853 0.0012891 0.00109286 1 0.02
-14.6648 -8.96157 6.12393e-05 -0.00590934 1 0.02
-16.2465 -0.767924 -0.00420022 0.00099239 1 0.02
-10.7877 -2.56256 -0.00135707 -0.00140123 1 0.02
-10.7961 -4.36655 -0.00501275 0.00150607 1 0.02
-6.55872 -2.55418 0.00207304 0.000943 1 0.02
-7.60823 -2.55535 0.00453618 -0.00346441 1 0.02
-7.08134 -1.65651 -0.00143001 -0.00466455 1 0.02
-6.04816 -7.03749 -0.00531671 0.00490041 1 0.02
-3.94846 -5.23511 0.00288443 0.000792949 1 0.02
-2.90995 -3.43854 -0.000874114 -0.0029556 1 0.02
-3.42879 -6.13039 -0.0030261 -0.00295049 1 0.02
-3.43634 -7.93072 0.00361575 0.000250341 1 0.02
0.738776 -9.72781 0.00199299 0.0042406 1 0.02
1.25274 -5.22914 0.000918236 -0.000718448 1 0.02
1.77781 -6.12346 -0.00201778 -0.00157378 1 0.02
2.28983 -1.65145 -0.00262687 0.00153735 1 0.02
2.29816 -7.02386 0.0055152 0.00219783 1 0.02
4.38662 -7.03586 -0.0049373 0.00171728 1 0.02
4.37882 -5.23433 -0.00119902 0.000545991 1 0.02
6.47031 -5.24375 -0.00122998 -0.00263871 1 0.02
11.778 -5.28896 -0.000628877 0.000997447 1 0.02
8.57608 -5.25932 0.00318198 0.000400745 1 0.02
12.8161 -1.67565 0.00228278 0.00197409 1 0.02
16.1813 -3.4876 0.00244228 0.00202221 1 0.02
14.5707 -8.05262 -6.41273e-05 -0.00341715 1 0.02
-16.281 1.07021 0.00218153 0.00142587 1 0.02
-13.4988 -5.29483 -0.00102591 0.000901753 1 0.02
-14.0465 -4.39479 0.00153246 -0.0013701 1 0.02
-11.8764 -6.18726 0.00125162 -0.00084572 1 0.02
-8.66431 -2.55881 0.000507959 0.000145877 1 0.02
-9.71983 -0.766296 0.00243549 0.00176707 1 0.02
-4.46914 -2.54357 -0.0018026 -0.00170352 1 0.02
-4.46857 -0.758291 0.00464085 0.00532452 1 0.02
-1.34838 -2.54161 -0.00310722 0.00168324 1 0.02
-2.90758 -5.231 0.00407095 0.00229459 1 0.02
-1.34628 -6.12381 0.00172765 0.00574267 1 0.02
-0.82467 -5.22488 -0.0022976 0.00123428 1 0.02
-1.86703 -5.23008 0.00217465 -0.00647501 1 0.02
-2.38717 -2.54519 -0.00222472 -0.000244534 1 0.02
0.212659 -8.82382 -0.00180599 0.000503382 1 0.02
2.81112 -4.33256 1.503e-05 0.00652932 1 0.02
3.33603 -5.23159 0.000397233 0.000810032 1 0.02
4.89537 -4.34231 0.000589921 0.00322606 1 0.02
3.34994 -8.83058 0.000746281 0.00152667 1 0.02
5.9537 -6.14229 -0.00339249 -0.00367343 1 0.02
11.2273 -4.38145 0.00223813 -0.00033693 1 0.02
10.7019 -5.28002 -0.000740542 -0.00267759 1 0.02
11.2453 -6.19203 0.0037228 0.000433539 1 0.02
9.60466 0.130746 0.000101587 0.000486976 1 0.02
12.8563 -5.29358 0.0025165 0.00286035 1 0.02
-14.584 -1.6692 -0.00184344 -0.00286703 1 0.02
-15.1355 -2.582 0.00561499 0.000460851 1 0.02
-10.2515 -1.66552 0.00321737 -0.00262407 1 0.02
-8.655 -0.763662 0.00195553 -0.00601074 1 0.02
-9.18917 -1.66197 0.000843861 0.00363066 1 0.02
-8.13506 -1.6584 -0.000719863 -0.00487181 1 0.02
-5.51531 -4.34231 -0.00103652 0.00105541 1 0.02
-6.56041 -4.34245 -0.00084535 0.00316102 1 0.02
-5.52335 -6.13479 0.000971393 0.000217142 1 0.02
-2.90615 -1.65015 -0.00284632 -0.000672113 1 0.02
-3.42613 -4.33674 0.00221877 -0.00367347 1 0.02
-4.99354 -5.23972 -0.00108929 -0.00078561 1 0.02
1.76808 -2.54279 -0.00367221 -0.00258964 1 0.02
-0.308103 -7.92051 0.00207532 -0.00317033 1 0.02
-0.304901 -6.12102 -0.000144178 0.00237699 1 0.02
2.81016 -2.54544 0.00198873 -0.00477977 1 0.02
3.86126 -6.13243 -0.00158583 -0.00248439 1 0.02
3.32943 -1.65218 0.00371777 0.000915303 1 0.02
6.99286 -4.34827 -0.000205683 0.00128831 1 0.02
5.4145 -3.44692 -0.000966407 0.00290297 1 0.02
10.1467 -2.56697 -0.00170945 -0.00311266 1 0.02
13.3651 -2.57893 -0.00146959 0.00201666 1 0.02
11.7523 -3.47688 0.00498087 -0.00547808 1 0.02
15.0408 -5.29272 0.00494599 -0.00161825 1 0.02
12.3285 -6.20003 -0.000689591 -0.00155553 1 0.02
-16.8392 0.13509 -0.00302934 -0.0033422 1 0.02
-13.4876 -3.4807 -0.00136113 0.000553189 1 0.02
-12.4 -1.66468 0.000253326 0.0038176 1 0.02
-11.3268 -3.4643 -0.00203432 -7.43813e-05 1 0.02
-10.7869 -0.767257 -0.000684888 -0.00245119 1 0.02
-11.3203 -1.6652 -0.00263197 0.00127568 1 0.02
-6.03267 -3.44576 0.00163816 -0.0108392 1 0.02
-1.86601 -1.64854 0.00222163 0.000555278 1 0.02
-3.94875 -3.44154 -0.00305931 -0.00219816 1 0.02
-3.43049 -0.758022 -0.0044855 0.00252004 1 0.02
-3.94486 -1.65172 -0.00257531 -0.00193942 1 0.02
-1.86731 -3.43792 -0.00386064 0.000772158 1 0.02
0.214799 -5.22449 -0.00493411 -0.0011065 1 0.02
1.24907 -3.43523 0.00370669 0.000605284 1 0.02
1.77113 -4.33175 0.000580161 -0.00207811 1 0.02
4.36901 -1.65244 0.00127553 -0.00399579 1 0.02
4.88711 -0.75953 0.00246417 -0.000721445 1 0.02
3.32915 -3.43891 0.000469314 -0.00268859 1 0.02
6.98466 -2.55401 0.00344681 -0.001706 1 0.02
8.04511 -4.35454 0.000908627 0.000187146 1 0.02
9.11168 -6.16622 -0.00300696 0.00266047 1 0.02
10.684 -3.47313 -0.00229368 -0.000385408 1 0.02
15.0175 1.93242 0.00213501 -0.000163143 1 0.02
15.1108 -7.11861 -0.00132418 0.0026895 1 0.02
13.904 -1.67873 -0.00237015 -0.00320104 1 0.02
-15.2172 -8.01389 -0.00128842 0.000603754 1 0.02
-14.0815 -8.0407 -0.00318231 0.00255721 1 0.02
-14.6048 -7.12314 -0.00157614 0.00182083 1 0.02
-10.279 -7.07788 -0.00623757 -0.000967904 1 0.02
-9.72194 -2.56075 -0.00425702 0.00262917 1 0.02
-7.60481 -0.761972 -0.00439872 -0.00217457 1 0.02
-4.9912 -3.44521 -0.00196025 0.000376173 1 0.02
-5.50957 -2.54883 0.00260387 0.00377493 1 0.02
-0.82811 -3.4354 0.00169621 0.00178385 1 0.02
1.76735 -0.756874 0.00608703 -0.00177962 1 0.02
-1.34508 -4.33242 0.00265376 0.00561558 1 0.02
1.24884 -1.651 -0.000230968 -0.000699461 1 0.02
-2.38486 -4.33326 -0.00226077 -0.00259955 1 0.02
0.734278 -4.33109 0.00151564 0.00397436 1 0.02
2.28769 -3.43599 0.00201199 0.000382297 1 0.02
2.80765 -0.757394 0.00508259 0.000515022 1 0.02
5.42296 -5.23881 -6.32501e-05 -0.00149876 1 0.02
8.05525 -6.15828 -0.00436085 -0.0049888 1 0.02
9.09966 -4.36242 -0.0019759 0.00173246 1 0.02
11.2024 -0.76909 -0.00238685 0.00362811 1 0.02
11.733 0.133586 -0.000836447 0.000629052 1 0.02
10.6695 0.133238 -0.00285587 0.00199818 1 0.02
12.8308 -3.48005 0.00274096 0.00486321 1 0.02
16.1433 0.0802595 0.00240513 0.00322794 1 0.02
14.4706 -2.58435 0.00408477 -0.000448307 1 0.02
-14.0356 4.65208 0.00506729 -0.00180569 1 0.02
-11.8682 -4.37039 -0.000708068 -0.00400039 1 0.02
-14.0284 1.04342 -0.00134449 0.0024039 1 0.02
-12.4035 -3.47399 -0.0023173 0.00216118 1 0.02
-8.12834 0.135976 -0.00646952 -0.000711273 1 0.02
-9.18723 0.130036 0.00480104 0.000627415 1 0.02
-9.18723 1.92685 3.48058e-05 -5.82457e-05 1 0.02
-3.42851 -2.54497 0.00147687 0.0006554 1 0.02
-0.306882 -0.754265 -0.00384597 -0.000115555 1 0.02
2.80433 1.03051 0.00503158 0.00288511 1 0.02
0.212079 -3.43532 0.00529916 0.000519402 1 0.02
3.84397 1.02968 -0.00162958 -0.0010622 1 0.02
3.852 -2.54593 -0.00186874 0.00198848 1 0.02
2.29349 -5.22817 0.00435505 0.0029941 1 0.02
-0.303851 -4.33106 -0.00266082 0.000242569 1 0.02
5.40645 0.133129 -0.000197379 -0.000117687 1 0.02
4.37111 -3.44506 0.000504889 0.00146051 1 0.02
2.82165 -7.92538 0.000385725 0.00107718 1 0.02
9.63475 -5.2699 0.00316439 0.00504198 1 0.02
10.6755 -1.66565 -0.000264619 -0.00467069 1 0.02
10.1382 -0.766159 0.00263506 -0.00162004 1 0.02
10.1607 -4.37076 0.00211581 0.00128434 1 0.02
11.2107 -2.57058 -0.0018866 0.000980831 1 0.02
13.3886 -4.38249 0.000851974 -0.00151578 1 0.02
16.1588 -1.62697 -0.000902607 0.00336826 1 0.02
-14.0341 -2.57606 0.000215854 0.00647057 1 0.02
-15.7367 -5.31822 -0.00149067 0.00298019 1 0.02
-15.685 -3.49557 0.00286948 -0.00394232 1 0.02
-9.19259 -3.45776 0.00423308 0.00140396 1 0.02
-11.3148 0.132562 -0.00351254 -0.00523795 1 0.02
-7.08068 0.131115 -0.000843306 -0.00574381 1 0.02
-3.94813 0.135362 0.004912 0.00237094 1 0.02
-1.34641 -0.75508 -0.00402895 -0.000738912 1 0.02
0.730744 -0.754352 -0.00181253 -0.00150665 1 0.02
1.76455 1.0316 -0.00104093 -0.0050808 1 0.02
-0.831742 -1.64744 0.000899852 0.00201762 1 0.02
-0.310146 -2.54124 -0.00070429 -0.00145744 1 0.02
1.24762 1.92816 0.00326638 -8.37092e-05 1 0.02
3.84081 2.82032 -0.000632985 -0.00329421 1 0.02
0.216746 -7.02201 -0.00252919 -0.00251404 1 0.02
5.93064 -0.762932 -0.00656041 -0.000116504 1 0.02
6.45876 -1.65777 -0.00101072 0.00205254 1 0.02
7.51146 -3.45497 0.000997385 0.000794498 1 0.02
8.03423 -2.55881 0.00236783 -0.000718706 1 0.02
6.46416 -3.44964 0.000431169 0.00228097 1 0.02
8.55551 -1.66463 -0.0013768 0.00509038 1 0.02
9.61294 -1.66462 -0.00269939 0.000535315 1 0.02
10.6644 3.73482 -0.00144998 -0.00148522 1 0.02
14.4508 1.03744 0.0043702 0.00287627 1 0.02
16.6909 2.87398 -0.000598057 0.00154951 1 0.02
-12.9822 -8.02606 -0.00472958 -0.000456074 1 0.02
-14.61 -5.31506 0.00253917 -0.00256432 1 0.02
-13.4809 -1.67062 -0.00122067 -0.00264075 1 0.02
-15.1299 1.04243 -0.00275683 0.00129885 1 0.02
-11.8628 -2.56574 0.00135153 -0.00448972 1 0.02
-11.8526 1.03284 0.00291101 0.00159445 1 0.02
-10.249 0.132135 -2.24427e-05 0.000479972 1 0.02
-8.65682 1.03081 -0.00206126 -0.00154726 1 0.02
-9.7151 1.02992 0.00379435 -0.000651089 1 0.02
-6.55622 -0.762302 -0.000121312 0.000402283 1 0.02
0.727672 -2.54288 0.00383654 0.0026603 1 0.02
0.21041 0.137326 -0.000784961 0.000156463 1 0.02
0.724705 4.61334 0.00334842 -0.00093115 1 0.02
3.84585 -0.756524 -0.00355235 -0.00249952 1 0.02
4.88306 1.03041 0.00221439 -0.000921711 1 0.02
4.88341 2.82411 -0.00347417 0.00124524 1 0.02
4.89505 -2.54933 0.00333049 -0.00259193 1 0.02
5.93735 -2.55161 -0.00107384 -0.000596266 1 0.02
7.52178 -5.25156 0.00425725 0.00306317 1 0.02
9.6232 -3.46314 0.00470215 -0.00239997 1 0.02
11.1989 1.03429 -0.000666117 0.00443629 1 0.02
12.8125 3.74255 -0.00786502 -0.00200883 1 0.02
13.8951 0.134736 0.00132027 -0.00169008 1 0.02
13.4504 -8.04369 0.00431839 0.000855164 1 0.02
13.9445 -5.28844 0.00241512 0.000152335 1 0.02
-14.0579 6.46538 -6.76652e-05 -0.000996027 1 0.02
-14.5822 1.95363 -0.00336712 -0.000174247 1 0.02
-15.1845 -6.23962 -0.00682231 -0.000848904 1 0.02
-12.9391 2.83983 3.754e-05 0.00145239 1 0.02
-12.9501 -4.38474 0.000883587 -0.00264102 1 0.02
-14.5772 0.135904 -0.00218072 0.00162278 1 0.02
-11.8556 -0.765529 -0.00240309 0.00578058 1 0.02
-5.51109 -0.761397 -0.00030939 -0.00413887 1 0.02
-6.03669 -1.65694 -0.00426883 0.000530109 1 0.02
-2.39146 -0.755888 -0.000102708 -0.0024806 1 0.02
-3.948 1.92325 -0.00158189 0.00278402 1 0.02
-1.86794 0.135277 -0.00188829 -0.00122067 1 0.02
3.32304 0.137045 0.00321618 0.000701922 1 0.02
3.32108 1.92625 -0.000218437 0.00171021 1 0.02
4.36533 0.135291 -0.00362598 -0.000203701 1 0.02
5.41133 -1.65478 -0.00374264 -0.00679696 1 0.02
5.94252 -4.34245 0.000569541 -0.00385553 1 0.02
4.36156 1.92806 -0.000776599 -0.00694123 1 0.02
9.07956 -0.766945 0.00506772 -0.00222389 1 0.02
9.08755 -2.56188 0.000664199 0.00273453 1 0.02
8.03022 -0.762475 -0.00342004 -0.000672443 1 0.02
14.4375 -0.774742 0.00426349 0.00182928 1 0.02
12.2793 -2.57668 -0.000860334 -0.00106291 1 0.02
16.1341 1.93621 -0.00291157 -0.000508636 1 0.02
15.5784 4.70642 0.00184043 -0.00125609 1 0.02
-15.153 2.8679 -0.00585863 0.00391979 1 0.02
-14.039 2.85606 -0.00279631 0.000336835 1 0.02
-15.7015 0.149604 0.000671827 -0.000645557 1 0.02
-11.4042 11.0588 -0.00584094 -0.0046769 1 0.02
-11.8614 4.63722 -0.00122426 6.5207e-05 1 0.02
-13.4798 0.139897 0.000662461 -0.0011059 1 0.02
-12.9361 -0.763586 0.00214605 -0.00307556 1 0.02
-9.72067 2.82486 -0.000257051 0.000408252 1 0.02
-4.99244 0.133045 0.00164425 0.00335699 1 0.02
0.210515 -1.64606 -1.26021e-05 0.00495415 1 0.02
1.76514 2.82343 -0.00176603 -0.00165616 1 0.02
2.28531 0.136463 -0.00316565 -0.00046337 1 0.02
2.80237 2.82267 -0.00343409 0.00112942 1 0.02
1.24299 5.5156 -0.00191009 0.00106274 1 0.02
3.32284 3.72099 0.00503879 0.00050416 1 0.02
4.36039 3.72031 0.00272015 -0.00408392 1 0.02
5.40578 1.92674 -0.00477533 0.00132183 1 0.02
6.44904 1.9308 0.00177849 -0.00699635 1 0.02
6.9795 -0.760339 -0.00493529 0.00167747 1 0.02
7.49922 0.133688 -0.00301491 0.000804571 1 0.02
8.5657 -3.45837 0.002297 0.00153918 1 0.02
11.1973 2.83498 -0.00226135 -0.0007079 1 0.02
11.7427 -1.67176 0.000735546 -0.00325743 1 0.02
15.6264 -4.40642 -0.000274643 -0.00320792 1 0.02
15.5698 2.85558 -0.00749497 -0.0032524 1 0.02
-14.0534 -6.20881 0.00228467 -0.00553982 1 0.02
-15.686 1.95046 0.0067021 0.00152534 1 0.02
-16.3023 -4.38327 -0.00464841 -0.000495329 1 0.02
-12.3917 1.93731 0.00151133 -0.00117258 1 0.02
-13.4861 3.74559 -0.000437192 -0.00146225 1 0.02
-12.3914 0.136828 -0.00252529 0.0031994 1 0.02
-10.7831 2.83079 -0.00317166 0.000399818 1 0.02
-8.12952 1.92735 0.000982281 0.00285641 1 0.02
-4.9865 -1.65177 0.000528276 -0.00240334 1 0.02
-2.90877 0.135135 0.00123761 0.0030921 1 0.02
-2.90885 1.92142 -0.00531163 -0.00248394 1 0.02
1.24853 0.138207 0.000891679 -0.000621148 1 0.02
0.203059 5.51048 -0.000832669 -0.0010068 1 0.02
2.28129 3.71805 -0.00163712 -0.000203768 1 0.02
2.28496 1.92711 -0.000644223 0.00349343 1 0.02
5.92759 2.82757 -0.00524382 -0.00215515 1 0.02
5.92611 1.02913 0.00121949 -0.00186079 1 0.02
7.50743 -1.65946 -0.000800962 0.00523109 1 0.02
9.07214 1.03026 0.00196294 0.000266208 1 0.02
8.55116 0.133681 -0.00243622 0.000478055 1 0.02
10.1306 2.82944 0.00392152 -0.00475925 1 0.02
13.3584 2.84089 0.00210754 -0.0020255 1 0.02
15.6069 -2.56337 0.00190838 -0.000952091 1 0.02
15.056 -3.47946 -0.00158895 0.000155899 1 0.02
16.7009 0.99958 -0.000514812 0.00269205 1 0.02
-13.0149 10.1283 -0.00269984 0.00540541 1 0.02
-15.7054 -1.69035 -0.00704373 0.00245123 1 0.02
-11.3266 5.54071 -0.00111102 -0.00111575 1 0.02
-11.8556 2.83505 -0.00441571 -0.000523009 1 0.02
-10.7808 1.02968 0.00253272 0.000915272 1 0.02
-7.62194 6.42938 -0.00511544 -0.000255462 1 0.02
-7.60506 1.02922 -0.00505094 0.00139813 1 0.02
-7.08019 1.92533 0.00267922 0.00286514 1 0.02
-6.03473 0.133271 -0.00598614 -0.00222851 1 0.02
-0.8279 0.136663 -0.00446465 0.00355072 1 0.02
1.24091 3.71785 -0.000434087 -0.000636292 1 0.02
-0.313727 2.81841 -0.00238642 0.00126945 1 0.02
-3.42763 1.02955 -0.00313605 0.00253686 1 0.02
-0.315474 4.61427 -0.000495732 0.00323494 1 0.02
1.76311 4.61745 -0.00292258 -0.00191736 1 0.02
-0.836534 5.51324 0.00348596 0.00340767 1 0.02
6.97205 1.03402 -0.0020043 0.00181887 1 0.02
6.45085 0.133745 0.00186175 0.00151923 1 0.02
8.02012 2.83149 0.000620491 1.28592e-05 1 0.02
9.07247 2.83098 0.00112334 -0.000449669 1 0.02
9.60009 1.93181 -0.00508256 -0.000898856 1 0.02
13.3524 -0.775961 -0.001249 0.00156535 1 0.02
12.2716 1.03323 -0.00057658 0.00208106 1 0.02
15.6636 -6.17068 0.00418823 -0.000186827 1 0.02
13.9046 5.56536 -0.000495894 0.0017616 1 0.02
-14.0861 8.29826 -0.00625271 -1.87135e-05 1 0.02
-14.5827 -3.48854 0.00395066 0.000885565 1 0.02
-12.4458 9.20422 0.0016738 0.00178962 1 0.02
-13.4855 1.94522 -0.000461856 -0.00440608 1 0.02
-12.9404 4.64566 -0.000955318 0.00439352 1 0.02
-4.47088 2.81909 -0.000207619 -2.0849e-05 1 0.02
-10.2473 1.92866 -0.00457951 -0.00208773 1 0.02
-8.13492 3.72317 0.000216939 -0.00314213 1 0.02
-5.51251 1.02966 0.00134746 0.0012 1 0.02
-2.38401 1.02593 -0.00311318 0.00404812 1 0.02
0.20944 1.92605 5.49984e-05 -0.00236762 1 0.02
-1.34741 1.02854 -0.00149062 -0.00327368 1 0.02
-0.832565 3.71497 0.000396331 0.000438047 1 0.02
0.204485 3.71759 0.000460531 -0.000623066 1 0.02
0.72472 2.82187 0.000806801 -0.000642137 1 0.02
1.7609 6.41873 0.00169009 0.000822715 1 0.02
5.40294 3.7251 0.000265164 -0.000414727 1 0.02
8.02048 1.03254 -0.00303224 -0.00218818 1 0.02
6.44898 3.72719 -0.00303875 -0.0028605 1 0.02
10.1325 1.02872 -7.20131e-05 0.00364331 1 0.02
12.8108 0.135735 0.000547182 0.00108564 1 0.02
12.2705 4.64246 0.000291963 -0.00603709 1 0.02
13.907 3.74844 0.00149101 -0.000662026 1 0.02
14.4568 4.66298 -0.00268451 0.00209273 1 0.02
15.5787 1.01649 -0.00234423 -0.0030587 1 0.02
-16.2781 -2.61153 0.00233668 0.000576931 1 0.02
-15.7516 7.37007 -0.000484555 0.00178613 1 0.02
-9.73602 6.43954 0.00530134 0.00296656 1 0.02
-11.3161 1.93212 -0.00225413 -0.00235732 1 0.02
-10.2522 3.73056 0.00417682 -0.00125758 1 0.02
-9.19213 3.72325 -0.00143694 -0.00127001 1 0.02
-8.65775 2.82482 0.00245029 -0.00725668 1 0.02
-6.03418 1.923 0.00136263 -0.000863462 1 0.02
-6.5566 1.02945 0.000597575 0.00383524 1 0.02
-4.46881 1.02774 -0.000228369 -0.00170956 1 0.02
-1.86828 1.92337 -0.00171196 1.127e-05 1 0.02
0.729725 1.03235 -0.000239587 0.00434703 1 0.02
-0.307165 1.03246 0.001228 -0.000712853 1 0.02
-1.35481 4.61164 -0.00166427 -0.00197344 1 0.02
2.80108 6.42009 0.00146679 0.00226573 1 0.02
4.88353 4.62328 0.000569457 -0.00503124 1 0.02
2.28004 5.51938 0.00150044 -0.00659509 1 0.02
6.97237 2.83085 -0.00361878 -0.00116472 1 0.02
7.49534 1.9323 0.00254048 0.00325207 1 0.02
12.818 5.55428 0.00151123 -0.000620928 1 0.02
12.2703 2.83854 -0.00129045 -0.00165242 1 0.02
11.1955 4.63748 0.0040327 0.000651712 1 0.02
15.0304 7.38933 0.00353143 -0.00292621 1 0.02
12.8105 1.93788 0.00424541 -0.0012429 1 0.02
15.5271 -0.776619 -0.00297713 0.00266737 1 0.02
-13.0099 -9.88121 0.000519295 0.0036724 1 0.02
-14.6294 9.28359 0.000437302 -0.000367366 1 0.02
-14.0252 -0.767495 -0.00104376 -0.00276684 1 0.02
-15.2017 6.42366 0.000852623 0.0043134 1 0.02
-12.9377 1.03866 -0.00647969 0.00226636 1 0.02
-8.14198 5.52755 -0.00150624 -0.00133857 1 0.02
-7.61335 4.62326 0.00321466 -0.00191293 1 0.02
-5.5145 2.81994 0.00500448 -0.000349908 1 0.02
-4.99022 1.92386 -0.000614383 0.00102715 1 0.02
-2.39082 2.81914 0.00299799 0.00409471 1 0.02
-0.829523 1.92465 0.00269436 0.000472979 1 0.02
-1.8717 3.71428 0.00192999 -0.00295659 1 0.02
-3.95513 3.71719 0.000659441 0.000907135 1 0.02
-2.39003 4.61157 0.00241085 -0.00264159 1 0.02
0.719307 6.41634 0.00435428 -0.00068491 1 0.02
3.31925 5.52148 -0.000460514 -0.0035049 1 0.02
2.80242 4.62057 -0.00230593 0.00306549 1 0.02
7.49794 3.73115 0.000541794 0.00137255 1 0.02
8.54756 3.72985 -0.00281955 -0.00296537 1 0.02
9.60471 3.72996 -0.00194905 0.00221717 1 0.02
8.54695 1.92857 0.00434602 -0.000291209 1 0.02
11.2117 6.45528 -0.00423606 0.00101042 1 0.02
11.7335 1.93527 -0.00195156 0.0026343 1 0.02
13.3564 1.04028 0.000733902 0.000612948 1 0.02
17.2542 1.93925 -0.0014849 0.00314391 1 0.02
-16.3023 2.83354 -0.0042488 -1.48415e-05 1 0.02
-14.5862 5.55459 0.00300199 0.00543161 1 0.02
-14.6368 7.36541 -0.000168217 -0.00343734 1 0.02
-11.924 10.1289 -0.00209325 0.00357727 1 0.02
-10.273 7.35232 0.0053767 -0.00491136 1 0.02
-8.15911 7.34323 0.000551349 -0.000461166 1 0.02
-8.6666 4.6252 0.000402108 -0.00199848 1 0.02
-7.60462 2.82516 -0.00238761 0.0043696 1 0.02
-4.99287 3.71494 0.00218257 -0.0010038 1 0.02
-5.00628 7.32278 -6.04688e-05 0.00141531 1 0.02
-4.48119 6.41778 0.00255557 -0.00266156 1 0.02
-3.43201 2.8192 0.00448448 0.00511941 1 0.02
-3.43578 6.4111 0.00180173 -0.00238777 1 0.02
-1.87546 5.51386 0.00343386 0.000876958 1 0.02
0.722035 8.22788 -0.000660728 0.00010239 1 0.02
1.24198 7.32316 -0.000185698 0.00162264 1 0.02
3.84102 4.62313 -0.00472637 0.000332851 1 0.02
4.36078 5.52301 0.002735 -0.00576639 1 0.02
10.1329 4.63853 -0.00261925 0.00144614 1 0.02
9.07678 4.63431 -0.00508209 2.65208e-05 1 0.02
12.2748 -0.770063 -0.00105952 -0.00194734 1 0.02
10.6726 5.54362 -0.00404179 0.00545083 1 0.02
13.3563 4.64719 -0.000130188 0.00479946 1 0.02
13.3629 6.47406 -0.00212895 0.00365091 1 0.02
11.7728 9.21667 -0.00500358 0.00131107 1 0.02
-15.7492 3.77423 0.00430379 0.0036705 1 0.02
-9.20039 5.52897 -0.00141362 -0.00187131 1 0.02
-14.6072 3.76853 -0.00142764 0.00146229 1 0.02
-10.2608 5.5374 -0.00189221 -0.000471007 1 0.02
-11.3222 3.73457 0.000679944 0.00862323 1 0.02
-6.56393 4.61885 -0.00343233 0.00292641 1 0.02
-7.08629 3.72271 -0.00172094 -0.00304082 1 0.02
-6.55849 2.82244 -0.000468187 -0.00416403 1 0.02
-4.99935 5.51727 -0.00392422 0.00283677 1 0.02
-3.96244 7.31674 0.00440108 0.00350826 1 0.02
-3.43191 4.61144 -0.000442828 -0.0042332 1 0.02
-2.91169 3.71511 -0.00289791 0.000809135 1 0.02
-2.91902 7.31865 -0.00487417 0.00500311 1 0.02
-1.36177 8.22235 -0.00158987 -0.00158867 1 0.02
-0.317265 6.41395 -0.000555112 0.000640939 1 0.02
2.28114 7.32348 -0.00208176 0.00471834 1 0.02
0.201995 7.318 -0.00185431 -0.00238271 1 0.02
6.97302 4.62781 -0.00287712 -0.00182031 1 0.02
8.54999 5.53624 -0.00430628 -0.000404909 1 0.02
8.02308 4.63176 0.00435578 -0.00196398 1 0.02
14.4646 2.84685 0.00261659 0.00623899 1 0.02
11.7355 3.7388 0.00221579 0.00488685 1 0.02
10.6603 1.92931 0.00395166 -0.00309334 1 0.02
11.228 8.28636 -0.000383666 -0.00111199 1 0.02
14.9941 0.13147 0.00451201 0.000617156 1 0.02
-13.4894 5.55408 2.89423e-05 -0.000943327 1 0.02
-15.1857 4.68743 0.00185679 0.00187058 1 0.02
-10.7899 4.63417 -0.000975334 0.00284442 1 0.02
-9.72554 4.62831 -0.00150192 0.00126141 1 0.02
-7.10456 7.33367 -0.000439406 -0.00299088 1 0.02
-7.09268 5.52067 6.8574e-05 -0.00153184 1 0.02
-6.03832 3.71933 0.00247411 0.00442879 1 0.02
-5.51627 4.61519 -0.00190976 0.00164132 1 0.02
-4.4766 4.61567 -0.00138594 -0.00133678 1 0.02
-5.01521 9.13734 0.00346855 -0.00124558 1 0.02
-1.35169 2.81898 -0.00100141 -0.00230757 1 0.02
-1.87863 7.31697 0.00434029 -0.00331785 1 0.02
-2.39863 6.41452 0.00190981 -0.000587285 1 0.02
2.28427 9.14024 0.000670596 -0.00464193 1 0.02
-1.35772 6.41268 -0.00568324 -0.000872155 1 0.02
1.76014 10.0528 0.00442373 0.0021853 1 0.02
4.37062 9.14835 0.0049015 -0.00115722 1 0.02
3.32215 7.32617 -0.00169946 0.00131332 1 0.02
3.84093 6.42377 -0.00345387 0.000679568 1 0.02
6.45059 5.5312 0.000808421 -0.00102824 1 0.02
7.49826 5.53056 0.00237636 0.00163781 1 0.02
9.11634 10.1011 -0.00334301 0.00213847 1 0.02
16.1332 3.79161 -0.00192778 0.00316955 1 0.02
15.6028 8.31824 -9.04733e-05 -0.000173 1 0.02
13.3999 10.2023 -0.0022445 -0.00306467 1 0.02
-13.6155 11.0295 0.00409059 -0.00277365 1 0.02
-11.3622 9.19861 0.00231131 0.000951982 1 0.02
-11.8733 6.45235 0.000153987 -0.000943092 1 0.02
-8.67441 6.43422 -0.00373974 -0.00276286 1 0.02
-11.8893 8.28076 0.00209556 -0.00114628 1 0.02
-7.11898 9.15636 -0.000764918 -0.00186363 1 0.02
-6.6276 11.9155 0.00319057 -0.000315522 1 0.02
-6.58396 8.23934 0.000920173 -0.000196235 1 0.02
-5.03153 10.9691 0.00249856 -0.00432369 1 0.02
-5.52442 6.42098 -0.000905019 0.00340537 1 0.02
-3.95623 5.51263 -0.00079205 0.00407386 1 0.02
-2.91333 5.51078 0.00278114 -0.00561034 1 0.02
-0.838452 7.31569 0.00121089 -0.00227977 1 0.02
-3.44691 8.22278 0.00169913 0.00205119 1 0.02
0.199382 9.13493 0.00367517 0.000979297 1 0.02
3.86045 11.8964 0.00278706 0.00529057 1 0.02
1.762 8.2313 0.00144558 0.00422365 1 0.02
3.84455 8.23547 0.000585727 0.00293431 1 0.02
4.88481 6.42854 -0.000469223 -0.0015317 1 0.02
9.08256 6.44527 -0.0029599 0.00171654 1 0.02
10.1464 6.44837 0.00216733 0.00468966 1 0.02
9.63679 9.18589 -0.000531384 -0.00103894 1 0.02
10.1802 10.117 0.00277517 -0.00103647 1 0.02
11.2479 10.1351 -0.00363335 -0.00123181 1 0.02
13.9059 1.94159 -0.00199978 0.00397007 1 0.02
-10.8451 10.1189 -0.00206933 -0.00217736 1 0.02
-12.9556 6.46022 -0.00299649 0.00104855 1 0.02
-12.3964 3.73766 0.00114895 -0.00284948 1 0.02
-9.77883 10.1062 -0.00428331 -0.000818564 1 0.02
-7.6372 8.24861 1.42226e-05 -0.00151729 1 0.02
-8.17444 9.16652 -0.0040749 -0.00104413 1 0.02
-6.06627 9.14808 -0.00459808 0.00197289 1 0.02
-6.08185 10.9807 0.000545205 -0.00163893 1 0.02
-6.04502 5.52125 0.00704568 0.00135037 1 0.02
-3.97311 9.13296 -0.00156595 -0.00098962 1 0.02
-2.93724 10.9617 -0.00044057 0.00158497 1 0.02
-1.89343 10.9586 0.0041106 -0.00090738 1 0.02
-4.49031 8.2257 0.00642964 0.000215701 1 0.02
-2.92806 9.13164 0.00268926 -0.000341918 1 0.02
-3.45498 10.0484 0.00306708 0.00163923 1 0.02
3.85004 10.057 -0.000396209 0.00376817 1 0.02
2.8017 8.23186 0.00487334 -0.00248127 1 0.02
4.89813 10.0625 0.00504506 0.00178181 1 0.02
5.40921 7.33609 0.00495313 -0.00095474 1 0.02
9.60872 5.54062 0.000305166 0.00142398 1 0.02
6.97511 6.43572 0.00265632 0.00200339 1 0.02
11.7404 5.54708 0.000511522 0.00179923 1 0.02
14.4611 6.48531 0.00225473 -0.00429225 1 0.02
12.8527 9.24179 0.00133819 -0.00235318 1 0.02
14.0246 -8.97966 0.00335673 0.00122155 1 0.02
-11.9721 11.9986 0.00593763 -0.00412766 1 0.02
-13.5191 7.37594 -0.000669659 -0.000669355 1 0.02
-8.23088 12.8885 0.00385723 -0.000407792 1 0.02
-7.65634 10.0805 0.00445541 0.000914751 1 0.02
-9.74915 8.26341 -0.00219723 -0.00189313 1 0.02
-6.60238 10.0681 0.00519171 -0.000595057 1 0.02
-7.14223 10.9971 -0.00247224 0.00428417 1 0.02
-5.53526 8.23034 6.12473e-05 0.00650005 1 0.02
-3.98469 10.9655 0.00199826 -0.00388262 1 0.02
-6.0538 7.32628 -4.41674e-05 0.00140751 1 0.02
-1.37302 11.8781 -0.00186435 0.00142307 1 0.02
-0.852765 12.8075 -0.00692946 -3.66862e-05 1 0.02
5.93312 8.24736 -0.00559759 0.00180808 1 0.02
5.98951 13.7847 -0.00724548 0.00100528 1 0.02
-2.40345 8.22355 0.0047271 -0.00364388 1 0.02
7.54022 11.0089 -0.00308608 0.000291779 1 0.02
4.39508 12.832 0.00200174 0.00146708 1 0.02
4.89082 8.23934 0.00277916 0.000779095 1 0.02
5.92552 4.62679 -0.00250922 -0.00346829 1 0.02
8.03456 8.25763 0.00558935 0.0031536 1 0.02
10.158 8.27438 0.00176751 -0.00631087 1 0.02
8.572 9.17555 0.00315381 -0.000713894 1 0.02
16.7363 -2.54584 0.00533941 -0.00400835 1 0.02
10.6837 7.36588 -0.000853759 -0.00604553 1 0.02
14.9979 5.58475 -0.000329818 -0.000934224 1 0.02
-12.4012 5.5459 -0.00191033 0.00303499 1 0.02
-9.81152 11.9767 0.00241539 -0.00282701 1 0.02
-10.8021 6.44595 0.0025581 -0.00330921 1 0.02
-8.71266 10.0956 0.000985235 0.00360903 1 0.02
-8.74632 11.9559 -0.00107999 0.00334148 1 0.02
-5.54935 10.0546 -0.00382661 0.000256151 1 0.02
-4.51997 11.891 0.000663109 0.00231967 1 0.02
-11.4697 12.9519 0.000415406 -0.00258669 1 0.02
-2.4217 11.8816 -0.00280312 -0.000406401 1 0.02
-6.57241 6.42456 -0.0016725 0.00546949 1 0.02
-2.40932 10.0427 0.00257144 -0.00284322 1 0.02
-2.98322 14.6797 -0.00186006 -0.00330575 1 0.02
-1.8861 9.13 0.000276031 0.00329482 1 0.02
-0.320739 8.22325 0.0017836 -0.00166835 1 0.02
0.187159 14.6838 0.00267486 0.000261897 1 0.02
6.9841 8.25519 0.00183622 -0.00200694 1 0.02
5.93015 6.43101 0.0071389 -0.00115952 1 0.02
5.40339 5.52603 -0.00160319 0.00594774 1 0.02
8.558 7.35221 0.00116458 -0.00424609 1 0.02
8.02903 6.4401 -0.000153709 -0.000431852 1 0.02
8.08643 11.9409 0.00117952 -0.0014605 1 0.02
12.8783 11.162 -0.000143358 -0.00222859 1 0.02
9.66874 11.0399 0.00725646 0.00282569 1 0.02
13.92 7.39918 -0.00683847 -0.00272153 1 0.02
12.284 6.46182 -0.00507076 -0.00043189 1 0.02
-13.5438 9.21684 -0.00269213 0.000132873 1 0.02
-15.1866 8.31955 0.00118112 -0.00190458 1 0.02
-12.4231 7.37044 -0.00313388 0.000663625 1 0.02
-11.3442 7.35994 1.44603e-06 -0.00281874 1 0.02
-5.57318 11.9001 -0.00135005 0.00032905 1 0.02
-8.19653 11.0166 0.000902334 0.000404298 1 0.02
-5.69612 15.7059 0.000439695 0.00215371 1 0.02
-13.0689 12.0062 0.00510956 0.00233846 1 0.02
-2.43679 13.7412 -0.00833708 -0.00307017 1 0.02
-4.04155 14.682 -0.000729386 -0.00227001 1 0.02
-4.50088 10.0501 0.000589867 -0.00461899 1 0.02
-3.46992 11.8839 -0.00467057 -0.00478662 1 0.02
-0.849576 10.957 -0.00059063 -0.000140056 1 0.02
3.32576 9.1422 -0.000370375 -0.00438375 1 0.02
0.719863 10.0481 -0.000246748 -0.00168269 1 0.02
4.37785 10.9755 0.000274908 0.000798774 1 0.02
1.2423 9.13712 -9.90004e-05 -0.000716152 1 0.02
7.50346 7.34506 0.00177414 -0.00125867 1 0.02
5.96384 11.9155 -0.00250418 -0.000953182 1 0.02
7.51673 9.16995 0.00131162 -0.00183267 1 0.02
9.09509 8.26532 0.00221113 0.00257311 1 0.02
6.99853 10.082 0.00189104 -0.00191002 1 0.02
11.7547 7.3744 0.00492538 -0.00338653 1 0.02
12.2997 8.30151 -0.00212909 -0.000818021 1 0.02
12.8332 7.38569 -0.00572674 -0.0026033 1 0.02
-10.8155 8.26985 0.000565157 0.00142316 1 0.02
-9.21211 7.34341 -0.00089712 -0.00151568 1 0.02
-12.9781 8.29023 0.00109494 -0.00226224 1 0.02
-10.3266 11.0454 -0.000113085 0.000538791 1 0.02
-7.68442 11.9348 0.00280133 -0.000208613 1 0.02
-10.8866 11.9973 0.000229237 -0.000935627 1 0.02
-7.17293 12.867 0.0040355 0.000960083 1 0.02
-6.11517 12.8399 0.00255391 -0.000695112 1 0.02
-5.0578 12.8199 -0.00216045 -0.00367357 1 0.02
-0.322264 10.0444 0.00243081 0.0084848 1 0.02
-2.95217 12.8114 -0.00118281 -0.00339105 1 0.02
-4.00601 12.8129 0.00242424 0.000378786 1 0.02
-1.3692 10.042 0.00290807 0.000854572 1 0.02
1.24166 10.9661 -0.00431171 -0.00275103 1 0.02
4.91064 11.9053 0.00413437 -0.00236797 1 0.02
5.94562 10.0758 -0.00192224 -0.00285854 1 0.02
4.36466 7.32907 0.00204327 -0.00196716 1 0.02
7.5975 14.7537 -0.00492257 0.00425831 1 0.02
6.45491 7.34312 -0.000148602 -0.00613462 1 0.02
8.6634 14.8161 -0.0037256 -0.000668474 1 0.02
9.15974 11.965 -0.00129532 -0.00132918 1 0.02
14.4904 10.2328 -0.0018314 0.00236813 1 0.02
10.8142 12.9463 -0.00321936 0.00184088 1 0.02
15.0187 3.77007 0.00113995 0.00109376 1 0.02
13.9394 9.26333 -0.000826132 0.00111195 1 0.02
-10.2946 9.18539 0.0021318 -0.00321956 1 0.02
-9.25919 11.0296 0.00690331 -0.00153142 1 0.02
-4.13051 16.6108 -0.000618603 -0.00193787 1 0.02
-9.29798 12.9148 -0.00272754 0.00687358 1 0.02
-3.54802 15.6303 -0.000588791 -0.00324726 1 0.02
-8.69313 8.25713 0.000250249 -0.00323023 1 0.02
-7.71323 13.8403 0.00428745 0.00454642 1 0.02
-1.90399 12.8086 -0.00166909 -0.0083725 1 0.02
-4.54826 13.7469 -0.00162496 -0.000898861 1 0.02
2.28509 10.9699 0.0037515 0.00335521 1 0.02
0.195564 10.9638 -0.00306742 -0.00491381 1 0.02
1.24875 12.8153 0.00191825 0.00430337 1 0.02
2.80501 10.0524 0.00291493 -0.00188304 1 0.02
5.41442 9.15428 0.00246618 -0.0032729 1 0.02
1.76608 11.8901 0.000835674 -0.000442535 1 0.02
9.75158 14.835 -0.00484675 0.00126516 1 0.02
5.4478 12.8406 0.00185562 -0.00229513 1 0.02
6.46436 9.16359 0.00242721 0.00298574 1 0.02
9.62029 7.35663 -0.00136236 -0.00113142 1 0.02
7.12184 15.7247 -0.00511245 -0.00130358 1 0.02
8.05569 10.0919 -0.00231285 0.00184902 1 0.02
6.03613 15.6766 -0.000606321 -0.00118384 1 0.02
10.2386 11.9924 0.000734068 -0.00266067 1 0.02
15.0429 9.27371 0.00271904 -0.00165614 1 0.02
10.6993 9.19783 0.00171704 -0.000439513 1 0.02
-9.84392 13.9011 0.0030384 -0.00668753 1 0.02
0.710321 15.6356 -0.000195204 -0.00349782 1 0.02
-9.23239 9.18068 3.54675e-05 -0.00403312 1 0.02
0.17131 16.5838 -0.00129144 -0.00389818 1 0.02
-7.2106 14.8003 0.00278305 0.00228139 1 0.02
-6.65929 13.7956 -0.00048838 0.00487793 1 0.02
-3.03693 16.5749 0.00436502 0.00360923 1 0.02
1.24295 14.6901 0.00188296 -0.000486742 1 0.02
-1.38736 13.7399 0.00280255 -0.00427799 1 0.02
-0.843306 9.1317 0.00145211 -0.00495331 1 0.02
3.33048 10.9691 0.00532776 -0.000259421 1 0.02
-0.335356 13.7435 -0.00140132 -0.0031739 1 0.02
4.41145 14.7207 0.000238487 0.000773134 1 0.02
4.93102 13.7759 -0.00337643 -0.00284163 1 0.02
4.45282 16.6408 -0.00117234 9.74341e-05 1 0.02
6.48171 10.9955 0.00113738 0.00709475 1 0.02
3.89284 15.669 -0.000710767 -0.00214273 1 0.02
7.05213 13.7942 -0.00670384 -0.00375927 1 0.02
6.5391 14.7351 0.000183501 -0.000267523 1 0.02
7.02197 11.9267 -0.00215041 -0.000711969 1 0.02
8.602 11.0218 -0.00178253 -0.00128268 1 0.02
10.2849 13.885 -0.00518041 0.00357869 1 0.02
12.3246 10.1574 -6.40143e-05 0.00127582 1 0.02
9.19034 13.8595 0.00359526 -0.00235513 1 0.02
13.3844 8.3187 0.000844461 0.00170273 1 0.02
-10.3731 12.9451 -0.00288651 0.00391943 1 0.02
-12.4966 11.0637 1.24e-05 -0.000570932 1 0.02
-8.77617 13.8476 -0.00512533 0.000565958 1 0.02
-5.09944 14.7054 0.00460694 0.00364962 1 0.02
-3.49002 13.7416 0.00548867 0.000366064 1 0.02
2.29867 14.6976 -0.00429308 -0.000571737 1 0.02
1.23387 16.612 0.000466475 -0.00431453 1 0.02
-8.30096 14.8184 0.00414343 0.00108168 1 0.02
-1.92876 14.679 0.00162018 -0.00416181 1 0.02
-6.1527 14.7294 -0.00340819 0.00159394 1 0.02
2.81344 11.8948 -0.00540855 -0.00022943 1 0.02
-0.326652 11.8842 -0.00320275 0.00143261 1 0.02
-0.356934 17.5465 -0.00222911 -0.00144853 1 0.02
0.721658 11.8853 0.00316465 -0.00222194 1 0.02
5.4269 10.989 -0.00270554 0.00349303 1 0.02
0.718084 13.7425 0.00510789 -0.000390575 1 0.02
5.54509 16.6409 0.000162113 -0.000771742 1 0.02
5.47185 14.7224 -0.00134694 0.000933255 1 0.02
4.95833 15.6787 0.00453677 0.00125609 1 0.02
15.6187 6.46459 0.00331118 -0.00172571 1 0.02
6.50637 12.8498 0.000267471 -0.00578035 1 0.02
14.4868 8.32677 -0.00351638 0.0017307 1 0.02
9.71871 12.9226 0.000546439 -0.00349425 1 0.02
7.57095 12.8645 0.00509023 -0.000629046 1 0.02
8.12163 13.8207 -0.00553062 -0.000174523 1 0.02
-0.897814 16.5834 -0.00105533 -0.00423888 1 0.02
-10.9384 13.9102 -0.00379726 -0.00331218 1 0.02
2.29493 12.8204 -2.6527e-05 -0.000637002 1 0.02
-0.354242 15.6286 0.000744152 -0.00234926 1 0.02
1.77214 15.6453 0.00204749 -0.00113902 1 0.02
0.197874 12.8114 0.000478843 -0.00320021 1 0.02
-1.9646 16.5971 0.00151656 -0.0031216 1 0.02
-2.47763 15.626 0.00148448 -0.002211 1 0.02
-5.60031 13.7675 -0.00240687 0.00538296 1 0.02
2.30272 16.6181 0.00108299 -0.00709326 1 0.02
3.37189 16.6315 0.0024276 -0.00182334 1 0.02
2.83296 15.6579 0.00221878 0.00145079 1 0.02
-1.41686 15.6313 0.00687138 0.00134753 1 0.02
-0.872923 14.6808 -0.000619004 0.00126269 1 0.02
3.87296 13.7669 -0.00474129 -0.000409355 1 0.02
2.82341 13.7574 0.000220865 0.00616727 1 0.02
3.34519 12.8229 -0.00152601 0.00398022 1 0.02
-3.53534 17.5493 -0.00504235 0.00448197 1 0.02
3.35381 14.7055 0.00411823 -0.001 1 0.02
1.76752 13.751 0.00349199 -0.000137077 1 0.02
8.64374 12.8907 -0.00107263 0.00131356 1 0.02
-4.62026 15.6466 0.00443246 0.000890646 1 0.02
11.8062 11.0703 0.00412688 0.00195372 1 0.02
11.3358 12.0166 -0.00543901 -0.00278458 1 0.02
10.7378 11.062 0.00473175 1.1392e-05 1 0.02
