x y vx vy mass charge
-24.248 -22.4 -0.497426 -0.509595 1 -0.01
-23.2781 -21.84 -0.500406 -0.413755 1 0.01
-22.3082 -22.4 0.231313 -0.321487 1 -0.01
-21.3382 -21.84 0.00598997 -0.304844 1 0.01
-20.3683 -22.4 -0.44984 -0.119756 1 -0.01
-19.3984 -21.84 -0.0438316 -0.230388 1 0.01
-18.4285 -22.4 0.0528431 0.231065 1 -0.01
-17.4586 -21.84 0.222616 -0.17573 1 0.01
-16.4886 -22.4 0.195412 0.0826839 1 -0.01
-15.5187 -21.84 0.0969194 -0.281719 1 0.01
-14.5488 -22.4 0.471837 -0.227048 1 -0.01
-13.5789 -21.84 -0.0738924 0.0360783 1 0.01
-12.609 -22.4 0.294954 0.159787 1 -0.01
-11.639 -21.84 0.112216 -0.480561 1 0.01
-10.6691 -22.4 -0.320681 -0.436139 1 -0.01
-9.6992 -21.84 -0.297304 0.441825 1 0.01
-8.72928 -22.4 -0.134659 -0.244603 1 -0.01
-7.75936 -21.84 -0.314839 -0.204791 1 0.01
-6.78944 -22.4 0.435504 -0.41576 1 -0.01
-5.81952 -21.84 0.495762 -0.340467 1 0.01
-4.8496 -22.4 -0.411616 0.389593 1 -0.01
-3.87968 -21.84 -0.115097 -0.178753 1 0.01
-2.90976 -22.4 -0.152955 0.185867 1 -0.01
-1.93984 -21.84 -0.0992799 0.169213 1 0.01
-0.96992 -22.4 0.0261677 0.107343 1 -0.01
0 -21.84 -0.0716996 -0.342475 1 0.01
0.96992 -22.4 0.378796 -0.12723 1 -0.01
1.93984 -21.84 0.335442 -0.424164 1 0.01
2.90976 -22.4 0.146531 0.327619 1 -0.01
3.87968 -21.84 -0.390382 0.400209 1 0.01
4.8496 -22.4 0.0678499 0.28462 1 -0.01
5.81952 -21.84 -0.271934 0.347457 1 0.01
6.78944 -22.4 -0.179357 0.311719 1 -0.01
7.75936 -21.84 0.460597 0.43428 1 0.01
8.72928 -22.4 0.226679 -0.4613 1 -0.01
9.6992 -21.84 -0.331844 0.22055 1 0.01
10.6691 -22.4 0.375319 0.0847576 1 -0.01
11.639 -21.84 -0.45234 0.473703 1 0.01
12.609 -22.4 -0.475736 -0.272406 1 -0.01
13.5789 -21.84 -0.416561 0.0498323 1 0.01
14.5488 -22.4 0.135346 -0.487363 1 -0.01
15.5187 -21.84 -0.322013 -0.362569 1 0.01
16.4886 -22.4 -0.384479 -0.41178 1 -0.01
17.4586 -21.84 -0.501891 -0.0505917 1 0.01
18.4285 -22.4 -0.467247 0.0683377 1 -0.01
19.3984 -21.84 0.0882592 -0.317065 1 0.01
20.3683 -22.4 -0.212084 -0.293225 1 -0.01
21.3382 -21.84 0.257094 0.334677 1 0.01
22.3082 -22.4 -0.200169 -0.261979 1 -0.01
23.2781 -21.84 -0.356296 -0.150892 1 0.01
-24.248 -21.28 0.00228349 0.394317 1 -0.01
-23.2781 -20.72 0.493529 0.076949 1 0.01
-22.3082 -21.28 -0.215705 0.325341 1 -0.01
-21.3382 -20.72 0.4467 0.09064 1 0.01
-20.3683 -21.28 0.151746 0.0462571 1 -0.01
-19.3984 -20.72 -0.38486 -0.33954 1 0.01
-18.4285 -21.28 -0.270613 -0.0789092 1 -0.01
-17.4586 -20.72 0.377159 0.192037 1 0.01
-16.4886 -21.28 -0.00438394 -0.495377 1 -0.01
-15.5187 -20.72 0.107145 0.268607 1 0.01
-14.5488 -21.28 0.0587789 0.293886 1 -0.01
-13.5789 -20.72 0.255497 0.436859 1 0.01
-12.609 -21.28 0.448252 -0.214673 1 -0.01
-11.639 -20.72 0.476588 0.230884 1 0.01
-10.6691 -21.28 0.254082 -0.146059 1 -0.01
-9.6992 -20.72 -0.265644 0.461509 1 0.01
-8.72928 -21.28 -0.218312 -0.364155 1 -0.01
-7.75936 -20.72 0.218451 -0.0967751 1 0.01
-6.78944 -21.28 0.0846099 -0.0857515 1 -0.01
-5.81952 -20.72 0.0617488 0.420217 1 0.01
-4.8496 -21.28 0.019058 0.215239 1 -0.01
-3.87968 -20.72 0.427265 -0.294303 1 0.01
-2.90976 -21.28 0.0763152 0.00315442 1 -0.01
-1.93984 -20.72 -0.0303857 0.196189 1 0.01
-0.96992 -21.28 -0.0959561 0.0518107 1 -0.01
0 -20.72 -0.113285 -0.240283 1 0.01
0.96992 -21.28 0.302785 -0.237982 1 -0.01
1.93984 -20.72 -0.0208929 0.0488334 1 0.01
2.90976 -21.28 -0.432231 -0.236567 1 -0.01
3.87968 -20.72 0.298007 -0.0147499 1 0.01
4.8496 -21.28 0.290397 -0.183579 1 -0.01
5.81952 -20.72 -0.426046 -0.295795 1 0.01
6.78944 -21.28 0.065795 0.0864906 1 -0.01
7.75936 -20.72 0.458706 0.449953 1 0.01
8.72928 -21.28 -0.502981 0.085101 1 -0.01
9.6992 -20.72 0.495539 -0.045897 1 0.01
10.6691 -21.28 0.261417 0.175614 1 -0.01
11.639 -20.72 0.190692 -0.100334 1 0.01
12.609 -21.28 -0.270089 -0.497159 1 -0.01
13.5789 -20.72 -0.265426 -0.194874 1 0.01
14.5488 -21.28 -0.165552 -0.366628 1 -0.01
15.5187 -20.72 -0.0868323 -0.403957 1 0.01
16.4886 -21.28 -0.468664 -0.47685 1 -0.01
17.4586 -20.72 -0.344039 0.0958623 1 0.01
18.4285 -21.28 0.0496217 0.237687 1 -0.01
19.3984 -20.72 0.282449 0.361319 1 0.01
20.3683 -21.28 0.26377 0.14744 1 -0.01
21.3382 -20.72 -0.373323 -0.500512 1 0.01
22.3082 -21.28 0.382236 -0.211357 1 -0.01
23.2781 -20.72 0.327174 -0.0354909 1 0.01
-24.248 -20.16 -0.43238 0.384985 1 -0.01
-23.2781 -19.6 -0.0574216 0.374042 1 0.01
-22.3082 -20.16 0.348528 -0.363616 1 -0.01
-21.3382 -19.6 -0.0725779 -0.0754103 1 0.01
-20.3683 -20.16 0.30925 0.271553 1 -0.01
-19.3984 -19.6 0.433223 0.158225 1 0.01
-18.4285 -20.16 -0.0297873 0.306976 1 -0.01
-17.4586 -19.6 0.105406 0.117815 1 0.01
-16.4886 -20.16 0.476121 -0.304331 1 -0.01
-15.5187 -19.6 0.0738451 -0.313674 1 0.01
-14.5488 -20.16 0.253341 0.296513 1 -0.01
-13.5789 -19.6 -0.273901 -0.41202 1 0.01
-12.609 -20.16 0.0626297 -0.233184 1 -0.01
-11.639 -19.6 -0.167105 -0.0156835 1 0.01
-10.6691 -20.16 0.209251 -0.344122 1 -0.01
-9.6992 -19.6 -0.239403 -0.278899 1 0.01
-8.72928 -20.16 -0.162536 0.187951 1 -0.01
-7.75936 -19.6 0.244029 0.279689 1 0.01
-6.78944 -20.16 -0.189926 0.021366 1 -0.01
-5.81952 -19.6 0.467197 0.430268 1 0.01
-4.8496 -20.16 0.160359 0.225286 1 -0.01
-3.87968 -19.6 0.480805 0.293994 1 0.01
-2.90976 -20.16 0.182238 0.0766045 1 -0.01
-1.93984 -19.6 0.328684 -0.332024 1 0.01
-0.96992 -20.16 -0.192834 -0.316447 1 -0.01
0 -19.6 0.0322075 0.0430033 1 0.01
0.96992 -20.16 -0.314735 0.359392 1 -0.01
1.93984 -19.6 -0.306442 -0.295887 1 0.01
2.90976 -20.16 0.422375 0.041198 1 -0.01
3.87968 -19.6 -0.273232 -0.0609188 1 0.01
4.8496 -20.16 -0.436779 -0.182233 1 -0.01
5.81952 -19.6 -0.245997 -0.148861 1 0.01
6.78944 -20.16 0.371018 0.36891 1 -0.01
7.75936 -19.6 -0.298982 -0.130529 1 0.01
8.72928 -20.16 -0.0913571 0.299826 1 -0.01
9.6992 -19.6 0.49154 -0.25935 1 0.01
10.6691 -20.16 0.11317 0.373699 1 -0.01
11.639 -19.6 0.118981 0.169761 1 0.01
12.609 -20.16 0.000220923 0.344176 1 -0.01
13.5789 -19.6 -0.44861 -0.329695 1 0.01
14.5488 -20.16 0.474605 0.0350731 1 -0.01
15.5187 -19.6 -0.148521 -0.243135 1 0.01
16.4886 -20.16 -0.31404 0.477374 1 -0.01
17.4586 -19.6 -0.165581 -0.16467 1 0.01
18.4285 -20.16 0.268218 -0.00253524 1 -0.01
19.3984 -19.6 0.330099 0.183553 1 0.01
20.3683 -20.16 -0.184927 0.299727 1 -0.01
21.3382 -19.6 0.317016 -0.425266 1 0.01
22.3082 -20.16 0.188551 -0.407429 1 -0.01
23.2781 -19.6 -0.104911 0.176118 1 0.01
-24.248 -19.04 0.448296 0.366986 1 -0.01
-23.2781 -18.48 0.214175 -0.126834 1 0.01
-22.3082 -19.04 -0.454726 -0.149417 1 -0.01
-21.3382 -18.48 -0.500274 0.400602 1 0.01
-20.3683 -19.04 0.168307 -0.179668 1 -0.01
-19.3984 -18.48 0.421526 -0.427712 1 0.01
-18.4285 -19.04 -0.137407 -0.388382 1 -0.01
-17.4586 -18.48 0.0639147 0.0464278 1 0.01
-16.4886 -19.04 0.0646457 -0.39469 1 -0.01
-15.5187 -18.48 0.407233 0.291432 1 0.01
-14.5488 -19.04 0.30623 -0.407801 1 -0.01
-13.5789 -18.48 0.0531655 -0.136867 1 0.01
-12.609 -19.04 0.239022 -0.0451988 1 -0.01
-11.639 -18.48 0.26291 0.425045 1 0.01
-10.6691 -19.04 -0.409323 0.0325155 1 -0.01
-9.6992 -18.48 0.24553 -0.423858 1 0.01
-8.72928 -19.04 0.1661 0.286435 1 -0.01
-7.75936 -18.48 -0.160219 0.0602109 1 0.01
-6.78944 -19.04 0.354147 0.338529 1 -0.01
-5.81952 -18.48 0.334837 -0.163314 1 0.01
-4.8496 -19.04 0.144266 0.115156 1 -0.01
-3.87968 -18.48 0.19237 -0.418738 1 0.01
-2.90976 -19.04 -0.0331762 0.134208 1 -0.01
-1.93984 -18.48 0.133937 0.349307 1 0.01
-0.96992 -19.04 0.317822 0.120635 1 -0.01
0 -18.48 0.203323 -0.0978672 1 0.01
0.96992 -19.04 -0.251947 -0.0917513 1 -0.01
1.93984 -18.48 -0.108154 0.116951 1 0.01
2.90976 -19.04 0.18794 0.485965 1 -0.01
3.87968 -18.48 0.104866 -0.194401 1 0.01
4.8496 -19.04 -0.00469491 -0.412195 1 -0.01
5.81952 -18.48 -0.302751 0.270376 1 0.01
6.78944 -19.04 -0.105197 -0.203237 1 -0.01
7.75936 -18.48 -0.412695 -0.446298 1 0.01
8.72928 -19.04 -0.254344 0.217237 1 -0.01
9.6992 -18.48 0.338482 -0.390338 1 0.01
10.6691 -19.04 0.0712024 0.396748 1 -0.01
11.639 -18.48 -0.0636777 -0.421508 1 0.01
12.609 -19.04 0.424966 0.475773 1 -0.01
13.5789 -18.48 -0.2127 -0.0135263 1 0.01
14.5488 -19.04 -0.377707 0.0281863 1 -0.01
15.5187 -18.48 0.351213 0.110337 1 0.01
16.4886 -19.04 -0.137627 0.0360268 1 -0.01
17.4586 -18.48 0.0673447 -0.264574 1 0.01
18.4285 -19.04 0.205345 0.46054 1 -0.01
19.3984 -18.48 -0.163249 0.323283 1 0.01
20.3683 -19.04 0.00838424 -0.0188567 1 -0.01
21.3382 -18.48 -0.203215 0.27269 1 0.01
22.3082 -19.04 0.484113 -0.30408 1 -0.01
23.2781 -18.48 0.154912 0.259697 1 0.01
-24.248 -17.92 -0.351412 -0.054499 1 -0.01
-23.2781 -17.36 -0.0936843 0.328363 1 0.01
-22.3082 -17.92 -0.275473 -0.203982 1 -0.01
-21.3382 -17.36 0.236164 -0.116381 1 0.01
-20.3683 -17.92 0.158405 0.307266 1 -0.01
-19.3984 -17.36 0.0732658 -0.0382757 1 0.01
-18.4285 -17.92 -0.308946 0.0545609 1 -0.01
-17.4586 -17.36 -0.182327 0.0370656 1 0.01
-16.4886 -17.92 0.149205 0.470835 1 -0.01
-15.5187 -17.36 -0.143094 0.363708 1 0.01
-14.5488 -17.92 0.394175 -0.486619 1 -0.01
-13.5789 -17.36 0.291112 0.250051 1 0.01
-12.609 -17.92 0.123368 0.0311465 1 -0.01
-11.639 -17.36 -0.361811 0.153734 1 0.01
-10.6691 -17.92 0.183529 0.0106477 1 -0.01
-9.6992 -17.36 -0.291122 0.176971 1 0.01
-8.72928 -17.92 0.405333 0.473252 1 -0.01
-7.75936 -17.36 -0.172505 -0.398647 1 0.01
-6.78944 -17.92 -0.127038 -0.128297 1 -0.01
-5.81952 -17.36 0.00368388 -0.0224203 1 0.01
-4.8496 -17.92 0.11331 -0.299228 1 -0.01
-3.87968 -17.36 0.307605 -0.104621 1 0.01
-2.90976 -17.92 -0.333008 -0.389 1 -0.01
-1.93984 -17.36 -0.191244 0.00187336 1 0.01
-0.96992 -17.92 -0.323686 0.355832 1 -0.01
0 -17.36 -0.170953 -0.0953676 1 0.01
0.96992 -17.92 -0.24863 0.439654 1 -0.01
1.93984 -17.36 -0.31889 0.18521 1 0.01
2.90976 -17.92 0.309193 0.124655 1 -0.01
3.87968 -17.36 -0.465235 -0.123464 1 0.01
4.8496 -17.92 0.313236 0.339905 1 -0.01
5.81952 -17.36 -0.377106 0.237838 1 0.01
6.78944 -17.92 -0.335001 0.376493 1 -0.01
7.75936 -17.36 0.2144 0.175427 1 0.01
8.72928 -17.92 -0.428398 0.161357 1 -0.01
9.6992 -17.36 0.187397 -0.0379116 1 0.01
10.6691 -17.92 0.113938 0.184602 1 -0.01
11.639 -17.36 0.248623 0.168881 1 0.01
12.609 -17.92 -0.498618 0.0647859 1 -0.01
13.5789 -17.36 -0.443298 0.3102 1 0.01
14.5488 -17.92 0.20129 0.43172 1 -0.01
15.5187 -17.36 0.317471 -0.153019 1 0.01
16.4886 -17.92 0.493542 0.0168309 1 -0.01
17.4586 -17.36 -0.358287 -0.0602339 1 0.01
18.4285 -17.92 0.289511 -0.0412886 1 -0.01
19.3984 -17.36 -0.491435 0.161109 1 0.01
20.3683 -17.92 0.0423517 0.392429 1 -0.01
21.3382 -17.36 -0.330145 0.242386 1 0.01
22.3082 -17.92 0.398713 0.362244 1 -0.01
23.2781 -17.36 0.0594897 -0.0876971 1 0.01
-24.248 -16.8 -0.0823188 -0.279635 1 -0.01
-23.2781 -16.24 0.404972 -0.315321 1 0.01
-22.3082 -16.8 -0.499683 -0.281261 1 -0.01
-21.3382 -16.24 0.0117374 0.402997 1 0.01
-20.3683 -16.8 -0.266311 -0.0225528 1 -0.01
-19.3984 -16.24 0.364445 -0.209723 1 0.01
-18.4285 -16.8 0.487477 -0.00276805 1 -0.01
-17.4586 -16.24 0.239069 0.1701 1 0.01
-16.4886 -16.8 -0.0612573 -0.427235 1 -0.01
-15.5187 -16.24 0.396801 -0.464016 1 0.01
-14.5488 -16.8 -0.0149945 -0.503857 1 -0.01
-13.5789 -16.24 -0.460589 0.289727 1 0.01
-12.609 -16.8 -0.190113 -0.350107 1 -0.01
-11.639 -16.24 -0.265891 -0.0560661 1 0.01
-10.6691 -16.8 0.337283 -0.326688 1 -0.01
-9.6992 -16.24 0.150781 0.185963 1 0.01
-8.72928 -16.8 -0.0577662 -0.33986 1 -0.01
-7.75936 -16.24 0.228184 -0.508098 1 0.01
-6.78944 -16.8 0.115091 0.319091 1 -0.01
-5.81952 -16.24 0.134358 -0.344249 1 0.01
-4.8496 -16.8 0.444605 0.0252729 1 -0.01
-3.87968 -16.24 0.294273 0.259711 1 0.01
-2.90976 -16.8 -0.00829327 0.200204 1 -0.01
-1.93984 -16.24 0.041985 0.165708 1 0.01
-0.96992 -16.8 0.140046 -0.291642 1 -0.01
0 -16.24 0.338599 0.126695 1 0.01
0.96992 -16.8 -0.00455242 0.329131 1 -0.01
1.93984 -16.24 -0.337758 0.0986522 1 0.01
2.90976 -16.8 0.408864 -0.284808 1 -0.01
3.87968 -16.24 0.394004 -0.264318 1 0.01
4.8496 -16.8 0.120584 -0.415873 1 -0.01
5.81952 -16.24 -0.480718 -0.247413 1 0.01
6.78944 -16.8 0.147058 0.248046 1 -0.01
7.75936 -16.24 0.359962 -0.129134 1 0.01
8.72928 -16.8 0.176024 0.318593 1 -0.01
9.6992 -16.24 -0.426746 -0.136422 1 0.01
10.6691 -16.8 -0.124804 -0.334405 1 -0.01
11.639 -16.24 -0.192433 -0.0995821 1 0.01
12.609 -16.8 -0.091923 -0.0368835 1 -0.01
13.5789 -16.24 -0.233877 0.105333 1 0.01
14.5488 -16.8 0.450478 0.00985938 1 -0.01
15.5187 -16.24 0.161905 -0.193519 1 0.01
16.4886 -16.8 0.165143 0.375332 1 -0.01
17.4586 -16.24 0.399321 0.113009 1 0.01
18.4285 -16.8 0.29134 -0.302433 1 -0.01
19.3984 -16.24 -0.18212 -0.435553 1 0.01
20.3683 -16.8 0.343517 0.077825 1 -0.01
21.3382 -16.24 0.0989302 0.0329888 1 0.01
22.3082 -16.8 -0.156696 0.315023 1 -0.01
23.2781 -16.24 -0.176335 0.319203 1 0.01
-24.248 -15.68 -0.465998 -0.397389 1 -0.01
-23.2781 -15.12 0.306122 0.252358 1 0.01
-22.3082 -15.68 -0.0780931 0.06047 1 -0.01
-21.3382 -15.12 0.182461 -0.0846639 1 0.01
-20.3683 -15.68 0.191961 0.278922 1 -0.01
-19.3984 -15.12 -0.428461 0.380348 1 0.01
-18.4285 -15.68 0.0633726 -0.473862 1 -0.01
-17.4586 -15.12 -0.208892 -0.179703 1 0.01
-16.4886 -15.68 0.0859275 0.130956 1 -0.01
-15.5187 -15.12 0.243463 -0.363787 1 0.01
-14.5488 -15.68 0.122837 -0.0564176 1 -0.01
-13.5789 -15.12 -0.266451 -0.195228 1 0.01
-12.609 -15.68 -0.273752 -0.383139 1 -0.01
-11.639 -15.12 -0.381513 -0.377224 1 0.01
-10.6691 -15.68 0.0874901 -0.256597 1 -0.01
-9.6992 -15.12 -0.334877 -0.483014 1 0.01
-8.72928 -15.68 -0.104687 0.35402 1 -0.01
-7.75936 -15.12 0.125924 -0.117311 1 0.01
-6.78944 -15.68 0.0939809 0.221975 1 -0.01
-5.81952 -15.12 -0.250109 0.0874266 1 0.01
-4.8496 -15.68 0.0448978 0.0216906 1 -0.01
-3.87968 -15.12 0.0376234 -0.250027 1 0.01
-2.90976 -15.68 0.397434 0.472405 1 -0.01
-1.93984 -15.12 -0.471504 0.132695 1 0.01
-0.96992 -15.68 -0.2981 -0.329178 1 -0.01
0 -15.12 0.204023 0.391245 1 0.01
0.96992 -15.68 0.324997 0.0450432 1 -0.01
1.93984 -15.12 0.0938969 0.170652 1 0.01
2.90976 -15.68 0.183735 -0.0911487 1 -0.01
3.87968 -15.12 -0.204741 -0.0936278 1 0.01
4.8496 -15.68 -0.199302 0.442511 1 -0.01
5.81952 -15.12 0.215713 -0.363887 1 0.01
6.78944 -15.68 -0.371994 0.222381 1 -0.01
7.75936 -15.12 0.0607592 0.230818 1 0.01
8.72928 -15.68 -0.248945 0.31901 1 -0.01
9.6992 -15.12 0.259626 -0.391389 1 0.01
10.6691 -15.68 -0.219317 0.361248 1 -0.01
11.639 -15.12 0.0125848 -0.340921 1 0.01
12.609 -15.68 -0.19075 0.272133 1 -0.01
13.5789 -15.12 -0.0161872 0.366722 1 0.01
14.5488 -15.68 0.380482 -0.0957011 1 -0.01
15.5187 -15.12 -0.0407562 0.475122 1 0.01
16.4886 -15.68 -0.182933 -0.0981665 1 -0.01
17.4586 -15.12 0.000597654 0.204959 1 0.01
18.4285 -15.68 -0.448121 0.24763 1 -0.01
19.3984 -15.12 -0.0730985 0.123001 1 0.01
20.3683 -15.68 -0.0902904 0.134524 1 -0.01
21.3382 -15.12 -0.258459 0.134058 1 0.01
22.3082 -15.68 -0.176933 0.410843 1 -0.01
23.2781 -15.12 -0.0624314 -0.322087 1 0.01
-24.248 -14.56 0.310356 -0.402097 1 -0.01
-23.2781 -14 -0.239217 0.0614603 1 0.01
-22.3082 -14.56 0.0776718 -0.152901 1 -0.01
-21.3382 -14 -0.0438984 0.165616 1 0.01
-20.3683 -14.56 -0.37561 0.278337 1 -0.01
-19.3984 -14 -0.459361 -0.033179 1 0.01
-18.4285 -14.56 -0.216289 0.164457 1 -0.01
-17.4586 -14 -0.289472 0.214408 1 0.01
-16.4886 -14.56 -0.237758 -0.0161623 1 -0.01
-15.5187 -14 -0.131581 -0.29428 1 0.01
-14.5488 -14.56 0.482664 0.346029 1 -0.01
-13.5789 -14 -0.361492 -0.0105073 1 0.01
-12.609 -14.56 -0.422646 -0.131225 1 -0.01
-11.639 -14 0.339167 -0.368469 1 0.01
-10.6691 -14.56 -0.501043 0.477386 1 -0.01
-9.6992 -14 0.220093 0.057503 1 0.01
-8.72928 -14.56 0.27862 -0.144528 1 -0.01
-7.75936 -14 -0.168101 0.120729 1 0.01
-6.78944 -14.56 0.255065 -0.445689 1 -0.01
-5.81952 -14 0.25971 0.316616 1 0.01
-4.8496 -14.56 0.315795 -0.315956 1 -0.01
-3.87968 -14 0.407335 0.399496 1 0.01
-2.90976 -14.56 0.474472 -0.205713 1 -0.01
-1.93984 -14 0.240621 0.0358171 1 0.01
-0.96992 -14.56 0.482512 0.384572 1 -0.01
0 -14 0.381821 -0.362805 1 0.01
0.96992 -14.56 -0.369995 0.233138 1 -0.01
1.93984 -14 0.107185 0.258365 1 0.01
2.90976 -14.56 0.0968337 -0.152332 1 -0.01
3.87968 -14 0.468449 0.300387 1 0.01
4.8496 -14.56 0.470539 -0.483395 1 -0.01
5.81952 -14 -0.312175 -0.0410023 1 0.01
6.78944 -14.56 -0.419396 -0.013138 1 -0.01
7.75936 -14 -0.0760976 -0.160464 1 0.01
8.72928 -14.56 -0.481957 -0.455097 1 -0.01
9.6992 -14 0.379119 0.223803 1 0.01
10.6691 -14.56 -0.478728 0.343026 1 -0.01
11.639 -14 0.342833 -0.276304 1 0.01
12.609 -14.56 -0.014424 0.490285 1 -0.01
13.5789 -14 -0.45743 0.443339 1 0.01
14.5488 -14.56 -0.356544 -0.251104 1 -0.01
15.5187 -14 -0.259438 0.0750593 1 0.01
16.4886 -14.56 0.295793 0.00996048 1 -0.01
17.4586 -14 0.341631 0.0706524 1 0.01
18.4285 -14.56 -0.418099 -0.495994 1 -0.01
19.3984 -14 -0.325744 0.373199 1 0.01
20.3683 -14.56 -0.365262 -0.0879154 1 -0.01
21.3382 -14 0.164692 -0.0325384 1 0.01
22.3082 -14.56 -0.0206855 0.299682 1 -0.01
23.2781 -14 0.433141 0.324349 1 0.01
-24.248 -13.44 0.385262 0.213555 1 -0.01
-23.2781 -12.88 0.332865 0.00958288 1 0.01
-22.3082 -13.44 -0.144484 -0.386114 1 -0.01
-21.3382 -12.88 -0.13851 -0.196689 1 0.01
-20.3683 -13.44 0.316571 -0.492896 1 -0.01
-19.3984 -12.88 -0.3722 -0.157122 1 0.01
-18.4285 -13.44 -0.314037 0.215243 1 -0.01
-17.4586 -12.88 0.322453 0.136901 1 0.01
-16.4886 -13.44 -0.166416 0.0351168 1 -0.01
-15.5187 -12.88 -0.425334 0.215964 1 0.01
-14.5488 -13.44 -0.330684 -0.265381 1 -0.01
-13.5789 -12.88 -0.357408 0.247086 1 0.01
-12.609 -13.44 -0.0291142 0.0490169 1 -0.01
-11.639 -12.88 -0.197742 -0.216691 1 0.01
-10.6691 -13.44 0.454296 -0.0207313 1 -0.01
-9.6992 -12.88 0.324326 0.00245083 1 0.01
-8.72928 -13.44 -0.206289 0.0544743 1 -0.01
-7.75936 -12.88 -0.318701 -0.02253 1 0.01
-6.78944 -13.44 -0.110545 0.483053 1 -0.01
-5.81952 -12.88 -0.130056 -0.14349 1 0.01
-4.8496 -13.44 0.340666 -0.17968 1 -0.01
-3.87968 -12.88 0.0701403 0.0257418 1 0.01
-2.90976 -13.44 -0.305095 0.461336 1 -0.01
-1.93984 -12.88 -0.215427 -0.227381 1 0.01
-0.96992 -13.44 0.377142 -0.297924 1 -0.01
0 -12.88 0.475074 0.449458 1 0.01
0.96992 -13.44 -0.0840486 -0.140921 1 -0.01
1.93984 -12.88 -0.214144 -0.218866 1 0.01
2.90976 -13.44 -0.278586 -0.425338 1 -0.01
3.87968 -12.88 -0.046081 -0.423394 1 0.01
4.8496 -13.44 -0.289896 0.440623 1 -0.01
5.81952 -12.88 0.0622484 -0.456562 1 0.01
6.78944 -13.44 0.234253 -0.25202 1 -0.01
7.75936 -12.88 0.147329 0.272337 1 0.01
8.72928 -13.44 0.429229 0.296863 1 -0.01
9.6992 -12.88 -0.127582 0.345549 1 0.01
10.6691 -13.44 -0.427003 -0.468503 1 -0.01
11.639 -12.88 -0.171845 0.210712 1 0.01
12.609 -13.44 -0.405128 -0.209229 1 -0.01
13.5789 -12.88 -0.364404 0.449041 1 0.01
14.5488 -13.44 0.457335 -0.491422 1 -0.01
15.5187 -12.88 0.0754032 0.26645 1 0.01
16.4886 -13.44 -0.134493 0.210093 1 -0.01
17.4586 -12.88 0.490926 0.239762 1 0.01
18.4285 -13.44 -0.0692561 0.223092 1 -0.01
19.3984 -12.88 -0.183031 0.215088 1 0.01
20.3683 -13.44 0.174028 0.0216322 1 -0.01
21.3382 -12.88 -0.283705 -0.335762 1 0.01
22.3082 -13.44 0.276143 0.148155 1 -0.01
23.2781 -12.88 -0.463269 0.340609 1 0.01
-24.248 -12.32 0.392112 0.350912 1 -0.01
-23.2781 -11.76 -0.34123 0.336796 1 0.01
-22.3082 -12.32 -0.425229 0.431375 1 -0.01
-21.3382 -11.76 -0.313545 -0.145725 1 0.01
-20.3683 -12.32 0.11215 -0.404793 1 -0.01
-19.3984 -11.76 -0.340343 -0.445368 1 0.01
-18.4285 -12.32 -0.318667 0.3406 1 -0.01
-17.4586 -11.76 -0.471313 0.213868 1 0.01
-16.4886 -12.32 0.275833 0.156018 1 -0.01
-15.5187 -11.76 -0.280046 -0.069668 1 0.01
-14.5488 -12.32 0.458059 0.297018 1 -0.01
-13.5789 -11.76 -0.495784 -0.248278 1 0.01
-12.609 -12.32 -0.000867212 0.243755 1 -0.01
-11.639 -11.76 -0.152645 -0.442608 1 0.01
-10.6691 -12.32 0.224386 -0.135017 1 -0.01
-9.6992 -11.76 -0.34931 -0.454688 1 0.01
-8.72928 -12.32 0.108536 -0.455536 1 -0.01
-7.75936 -11.76 -0.172275 -0.148379 1 0.01
-6.78944 -12.32 0.075232 0.102722 1 -0.01
-5.81952 -11.76 0.121884 -0.281685 1 0.01
-4.8496 -12.32 0.194908 -0.374786 1 -0.01
-3.87968 -11.76 0.274308 -0.162635 1 0.01
-2.90976 -12.32 -0.0400344 -0.15364 1 -0.01
-1.93984 -11.76 0.294167 -0.301853 1 0.01
-0.96992 -12.32 -0.470429 0.241689 1 -0.01
0 -11.76 0.257672 -0.167199 1 0.01
0.96992 -12.32 -0.383209 0.134387 1 -0.01
1.93984 -11.76 -0.370015 0.408047 1 0.01
2.90976 -12.32 0.029005 0.473352 1 -0.01
3.87968 -11.76 -0.458062 0.255622 1 0.01
4.8496 -12.32 -0.379869 0.355102 1 -0.01
5.81952 -11.76 -0.167161 -0.0921924 1 0.01
6.78944 -12.32 0.16419 0.327864 1 -0.01
7.75936 -11.76 0.22563 0.173859 1 0.01
8.72928 -12.32 0.254234 -0.382847 1 -0.01
9.6992 -11.76 0.351157 -0.219135 1 0.01
10.6691 -12.32 0.47658 -0.0553074 1 -0.01
11.639 -11.76 -0.323362 -0.263658 1 0.01
12.609 -12.32 -0.186768 0.0974324 1 -0.01
13.5789 -11.76 -0.454916 -0.0722304 1 0.01
14.5488 -12.32 0.25662 0.421086 1 -0.01
15.5187 -11.76 0.349954 -0.247156 1 0.01
16.4886 -12.32 0.0636243 0.396096 1 -0.01
17.4586 -11.76 0.0727382 -0.437128 1 0.01
18.4285 -12.32 -0.163168 0.332201 1 -0.01
19.3984 -11.76 0.174015 -0.306582 1 0.01
20.3683 -12.32 -0.0870514 -0.323562 1 -0.01
21.3382 -11.76 -0.218497 -0.313087 1 0.01
22.3082 -12.32 -0.0208828 0.0015688 1 -0.01
23.2781 -11.76 -0.208393 0.0650124 1 0.01
-24.248 -11.2 -0.258669 -0.323464 1 -0.01
-23.2781 -10.64 -0.313567 0.21314 1 0.01
-22.3082 -11.2 -0.433019 0.402176 1 -0.01
-21.3382 -10.64 0.494747 0.323925 1 0.01
-20.3683 -11.2 -0.276407 -0.313981 1 -0.01
-19.3984 -10.64 0.139174 -0.24384 1 0.01
-18.4285 -11.2 0.327309 -0.327958 1 -0.01
-17.4586 -10.64 -0.0269866 0.321173 1 0.01
-16.4886 -11.2 -0.00422534 0.286793 1 -0.01
-15.5187 -10.64 0.404314 0.0212254 1 0.01
-14.5488 -11.2 -0.0564506 0.354916 1 -0.01
-13.5789 -10.64 0.222403 0.0689324 1 0.01
-12.609 -11.2 0.220352 0.279711 1 -0.01
-11.639 -10.64 0.0526495 -0.203058 1 0.01
-10.6691 -11.2 0.0127748 -0.339548 1 -0.01
-9.6992 -10.64 0.415447 0.143861 1 0.01
-8.72928 -11.2 0.247065 0.447863 1 -0.01
-7.75936 -10.64 -0.410308 -0.231064 1 0.01
-6.78944 -11.2 0.231983 -0.131458 1 -0.01
-5.81952 -10.64 -0.194127 0.134339 1 0.01
-4.8496 -11.2 -0.176538 -0.427439 1 -0.01
-3.87968 -10.64 -0.0846559 -0.275997 1 0.01
-2.90976 -11.2 -0.127935 0.253527 1 -0.01
-1.93984 -10.64 -0.48356 0.154475 1 0.01
-0.96992 -11.2 -0.16553 -0.336002 1 -0.01
0 -10.64 -0.384732 0.164748 1 0.01
0.96992 -11.2 0.379521 -0.256967 1 -0.01
1.93984 -10.64 -0.455136 0.469073 1 0.01
2.90976 -11.2 0.299431 0.339809 1 -0.01
3.87968 -10.64 -0.264067 -0.446032 1 0.01
4.8496 -11.2 -0.0827587 -0.16367 1 -0.01
5.81952 -10.64 -0.238497 -0.0646691 1 0.01
6.78944 -11.2 -0.102314 0.0219642 1 -0.01
7.75936 -10.64 0.479786 -0.262686 1 0.01
8.72928 -11.2 0.183492 0.0551698 1 -0.01
9.6992 -10.64 -0.102659 -0.379675 1 0.01
10.6691 -11.2 -0.118275 0.29872 1 -0.01
11.639 -10.64 0.303622 0.446444 1 0.01
12.609 -11.2 -0.247303 0.215503 1 -0.01
13.5789 -10.64 -0.370892 0.139888 1 0.01
14.5488 -11.2 -0.494675 0.434232 1 -0.01
15.5187 -10.64 -0.288987 -0.0526956 1 0.01
16.4886 -11.2 0.414132 -0.313292 1 -0.01
17.4586 -10.64 0.209568 0.161313 1 0.01
18.4285 -11.2 -0.268314 -0.233619 1 -0.01
19.3984 -10.64 -0.0571664 -0.183741 1 0.01
20.3683 -11.2 -0.198902 -0.26505 1 -0.01
21.3382 -10.64 -0.484965 0.435234 1 0.01
22.3082 -11.2 0.49536 -0.428613 1 -0.01
23.2781 -10.64 0.464066 -0.0894903 1 0.01
-24.248 -10.08 -0.294776 -0.0193739 1 -0.01
-23.2781 -9.52 0.176352 -0.430557 1 0.01
-22.3082 -10.08 0.485488 0.00409462 1 -0.01
-21.3382 -9.52 -0.0401875 -0.257924 1 0.01
-20.3683 -10.08 -0.228771 0.0612714 1 -0.01
-19.3984 -9.52 -0.422043 0.465979 1 0.01
-18.4285 -10.08 0.110704 0.138046 1 -0.01
-17.4586 -9.52 0.1789 0.398032 1 0.01
-16.4886 -10.08 -0.16096 -0.0870435 1 -0.01
-15.5187 -9.52 -0.345704 0.312818 1 0.01
-14.5488 -10.08 -0.191923 0.0961857 1 -0.01
-13.5789 -9.52 0.37961 -0.221086 1 0.01
-12.609 -10.08 0.264156 -0.243363 1 -0.01
-11.639 -9.52 0.454459 -0.399223 1 0.01
-10.6691 -10.08 0.217714 0.359435 1 -0.01
-9.6992 -9.52 0.237391 -0.267573 1 0.01
-8.72928 -10.08 0.187638 -0.335387 1 -0.01
-7.75936 -9.52 -0.3223 -0.437745 1 0.01
-6.78944 -10.08 0.370616 -0.45562 1 -0.01
-5.81952 -9.52 0.233974 0.269883 1 0.01
-4.8496 -10.08 0.345215 0.296873 1 -0.01
-3.87968 -9.52 -0.221273 -0.202909 1 0.01
-2.90976 -10.08 -0.0711894 -0.435907 1 -0.01
-1.93984 -9.52 0.485872 0.139077 1 0.01
-0.96992 -10.08 0.04228 0.484852 1 -0.01
0 -9.52 -0.178853 -0.109224 1 0.01
0.96992 -10.08 0.322946 -0.270898 1 -0.01
1.93984 -9.52 -0.133361 -0.210376 1 0.01
2.90976 -10.08 -0.330567 -0.229675 1 -0.01
3.87968 -9.52 -0.273637 0.128369 1 0.01
4.8496 -10.08 0.0130258 -0.349926 1 -0.01
5.81952 -9.52 0.205088 0.192852 1 0.01
6.78944 -10.08 0.325158 0.0671801 1 -0.01
7.75936 -9.52 -0.185161 0.112891 1 0.01
8.72928 -10.08 -0.0351847 -0.0306891 1 -0.01
9.6992 -9.52 -0.337301 0.160802 1 0.01
10.6691 -10.08 -0.468724 0.286016 1 -0.01
11.639 -9.52 -0.323905 0.315475 1 0.01
12.609 -10.08 0.434754 -0.427475 1 -0.01
13.5789 -9.52 0.122062 0.478242 1 0.01
14.5488 -10.08 0.0521718 0.133115 1 -0.01
15.5187 -9.52 0.134402 -0.0809449 1 0.01
16.4886 -10.08 -0.373747 0.302509 1 -0.01
17.4586 -9.52 -0.274647 -0.00176224 1 0.01
18.4285 -10.08 0.109881 -0.349064 1 -0.01
19.3984 -9.52 -0.214773 0.0199271 1 0.01
20.3683 -10.08 -0.240496 -0.451346 1 -0.01
21.3382 -9.52 -0.289275 0.205585 1 0.01
22.3082 -10.08 -0.325354 0.133216 1 -0.01
23.2781 -9.52 -0.0927872 -0.00162084 1 0.01
-24.248 -8.96 0.321178 0.0833191 1 -0.01
-23.2781 -8.4 0.402589 0.397841 1 0.01
-22.3082 -8.96 0.088831 0.0470717 1 -0.01
-21.3382 -8.4 0.487504 0.215532 1 0.01
-20.3683 -8.96 0.46569 0.0575722 1 -0.01
-19.3984 -8.4 0.452633 0.295244 1 0.01
-18.4285 -8.96 0.415504 0.459786 1 -0.01
-17.4586 -8.4 -0.452289 0.335153 1 0.01
-16.4886 -8.96 0.00261608 0.017932 1 -0.01
-15.5187 -8.4 0.458264 -0.412197 1 0.01
-14.5488 -8.96 -0.36612 0.318543 1 -0.01
-13.5789 -8.4 0.282688 -0.495581 1 0.01
-12.609 -8.96 -0.156309 0.3562 1 -0.01
-11.639 -8.4 0.0581237 0.324905 1 0.01
-10.6691 -8.96 0.0469907 0.475357 1 -0.01
-9.6992 -8.4 0.130117 0.242551 1 0.01
-8.72928 -8.96 0.192408 0.486949 1 -0.01
-7.75936 -8.4 0.100955 -0.341928 1 0.01
-6.78944 -8.96 0.0161838 0.0855165 1 -0.01
-5.81952 -8.4 -0.273614 0.390211 1 0.01
-4.8496 -8.96 -0.295638 -0.0397023 1 -0.01
-3.87968 -8.4 0.32516 0.0362136 1 0.01
-2.90976 -8.96 0.0174776 -0.374381 1 -0.01
-1.93984 -8.4 -0.29796 -0.204055 1 0.01
-0.96992 -8.96 0.357079 0.291298 1 -0.01
0 -8.4 0.0532085 -0.322711 1 0.01
0.96992 -8.96 -0.457859 -0.0706247 1 -0.01
1.93984 -8.4 0.179359 -0.372931 1 0.01
2.90976 -8.96 0.28668 -0.0879798 1 -0.01
3.87968 -8.4 0.419832 -0.253326 1 0.01
4.8496 -8.96 0.184759 0.124744 1 -0.01
5.81952 -8.4 0.460891 0.163647 1 0.01
6.78944 -8.96 -0.33075 -0.181227 1 -0.01
7.75936 -8.4 0.484542 0.347947 1 0.01
8.72928 -8.96 0.381263 0.407264 1 -0.01
9.6992 -8.4 -0.236021 0.169967 1 0.01
10.6691 -8.96 0.179805 -0.328331 1 -0.01
11.639 -8.4 0.459843 -0.298954 1 0.01
12.609 -8.96 0.246714 -0.167242 1 -0.01
13.5789 -8.4 0.369121 0.395569 1 0.01
14.5488 -8.96 -0.10928 -0.406962 1 -0.01
15.5187 -8.4 0.248494 0.327329 1 0.01
16.4886 -8.96 0.438877 0.219226 1 -0.01
17.4586 -8.4 0.347427 0.216044 1 0.01
18.4285 -8.96 0.433413 -0.11538 1 -0.01
19.3984 -8.4 -0.017785 0.24367 1 0.01
20.3683 -8.96 0.194354 -0.267851 1 -0.01
21.3382 -8.4 0.258021 -0.502286 1 0.01
22.3082 -8.96 -0.185303 -0.294641 1 -0.01
23.2781 -8.4 0.237285 -0.326678 1 0.01
-24.248 -7.84 0.446128 0.193766 1 -0.01
-23.2781 -7.28 0.098825 0.318454 1 0.01
-22.3082 -7.84 -0.327893 -0.0809085 1 -0.01
-21.3382 -7.28 -0.167572 0.146782 1 0.01
-20.3683 -7.84 -0.267361 0.147088 1 -0.01
-19.3984 -7.28 0.338051 -0.0720943 1 0.01
-18.4285 -7.84 0.338635 -0.00300245 1 -0.01
-17.4586 -7.28 -0.327868 0.229969 1 0.01
-16.4886 -7.84 0.495792 0.137682 1 -0.01
-15.5187 -7.28 -0.349478 -0.415711 1 0.01
-14.5488 -7.84 0.256597 0.0933542 1 -0.01
-13.5789 -7.28 -0.2799 0.399108 1 0.01
-12.609 -7.84 -0.377941 -0.00608336 1 -0.01
-11.639 -7.28 0.473276 -0.0948677 1 0.01
-10.6691 -7.84 0.0998072 -0.215555 1 -0.01
-9.6992 -7.28 -0.211827 -0.238088 1 0.01
-8.72928 -7.84 -0.432628 -0.0976541 1 -0.01
-7.75936 -7.28 0.320098 0.318894 1 0.01
-6.78944 -7.84 0.0299987 -0.12994 1 -0.01
-5.81952 -7.28 0.47214 -0.0489268 1 0.01
-4.8496 -7.84 -0.160897 -0.228845 1 -0.01
-3.87968 -7.28 -0.395637 0.0881174 1 0.01
-2.90976 -7.84 -0.183012 0.30252 1 -0.01
-1.93984 -7.28 0.389864 0.286359 1 0.01
-0.96992 -7.84 0.356881 -0.00206912 1 -0.01
0 -7.28 0.439161 0.244161 1 0.01
0.96992 -7.84 0.174176 -0.312668 1 -0.01
1.93984 -7.28 -0.23941 0.116364 1 0.01
2.90976 -7.84 -0.411211 0.319909 1 -0.01
3.87968 -7.28 0.111593 0.367771 1 0.01
4.8496 -7.84 -0.116921 -0.364241 1 -0.01
5.81952 -7.28 0.120117 -0.304746 1 0.01
6.78944 -7.84 -0.287785 0.396565 1 -0.01
7.75936 -7.28 -0.465728 -0.0113098 1 0.01
8.72928 -7.84 0.30698 0.324155 1 -0.01
9.6992 -7.28 0.0284254 -0.324033 1 0.01
10.6691 -7.84 -0.0645003 0.239399 1 -0.01
11.639 -7.28 0.157427 0.43489 1 0.01
12.609 -7.84 0.122022 0.263144 1 -0.01
13.5789 -7.28 0.00366864 -0.319401 1 0.01
14.5488 -7.84 0.43552 -0.101458 1 -0.01
15.5187 -7.28 0.415361 -0.252708 1 0.01
16.4886 -7.84 -0.0726882 -0.011316 1 -0.01
17.4586 -7.28 -0.27598 0.0821627 1 0.01
18.4285 -7.84 -0.200731 0.285358 1 -0.01
19.3984 -7.28 0.178111 -0.0807709 1 0.01
20.3683 -7.84 -0.0169426 0.439658 1 -0.01
21.3382 -7.28 -0.447603 0.2175 1 0.01
22.3082 -7.84 0.0807999 -0.284581 1 -0.01
23.2781 -7.28 0.281528 -0.319111 1 0.01
-24.248 -6.72 0.360777 0.346774 1 -0.01
-23.2781 -6.16 -0.150015 -0.366021 1 0.01
-22.3082 -6.72 -0.371584 0.344553 1 -0.01
-21.3382 -6.16 -0.204456 0.464676 1 0.01
-20.3683 -6.72 -0.445792 -0.431404 1 -0.01
-19.3984 -6.16 0.392054 -0.157712 1 0.01
-18.4285 -6.72 -0.416232 -0.257546 1 -0.01
-17.4586 -6.16 -0.175543 0.434143 1 0.01
-16.4886 -6.72 0.105771 -0.325103 1 -0.01
-15.5187 -6.16 0.0235162 -0.118763 1 0.01
-14.5488 -6.72 0.196792 -0.16187 1 -0.01
-13.5789 -6.16 -0.397781 -0.171212 1 0.01
-12.609 -6.72 0.2292 0.442061 1 -0.01
-11.639 -6.16 0.0368638 0.486225 1 0.01
-10.6691 -6.72 0.131576 0.0554592 1 -0.01
-9.6992 -6.16 0.395345 0.0224038 1 0.01
-8.72928 -6.72 -0.0782521 0.425846 1 -0.01
-7.75936 -6.16 -0.0715393 -0.108889 1 0.01
-6.78944 -6.72 0.109816 -0.39241 1 -0.01
-5.81952 -6.16 0.15113 -0.383259 1 0.01
-4.8496 -6.72 -0.338467 -0.030867 1 -0.01
-3.87968 -6.16 0.434432 0.215106 1 0.01
-2.90976 -6.72 -0.366621 -0.0972132 1 -0.01
-1.93984 -6.16 0.417735 0.413613 1 0.01
-0.96992 -6.72 -0.410548 0.0337519 1 -0.01
0 -6.16 0.478044 -0.386161 1 0.01
0.96992 -6.72 -0.170216 -0.094587 1 -0.01
1.93984 -6.16 -0.212426 0.212817 1 0.01
2.90976 -6.72 0.210697 -0.220193 1 -0.01
3.87968 -6.16 -0.0703985 -0.275089 1 0.01
4.8496 -6.72 -0.465592 -0.197358 1 -0.01
5.81952 -6.16 -0.423241 0.384416 1 0.01
6.78944 -6.72 -0.121214 -0.463599 1 -0.01
7.75936 -6.16 0.0447712 -0.244792 1 0.01
8.72928 -6.72 0.33034 0.00569251 1 -0.01
9.6992 -6.16 -0.108972 0.219726 1 0.01
10.6691 -6.72 0.436043 0.462715 1 -0.01
11.639 -6.16 0.461185 -0.385941 1 0.01
12.609 -6.72 -0.492999 0.246838 1 -0.01
13.5789 -6.16 -0.104717 0.014761 1 0.01
14.5488 -6.72 -0.0975115 0.0633406 1 -0.01
15.5187 -6.16 -0.0702239 -0.340521 1 0.01
16.4886 -6.72 -0.283317 0.0700387 1 -0.01
17.4586 -6.16 0.438041 -0.315258 1 0.01
18.4285 -6.72 -0.157629 -0.455116 1 -0.01
19.3984 -6.16 -0.49009 -0.249605 1 0.01
20.3683 -6.72 -0.0359792 -0.0502027 1 -0.01
21.3382 -6.16 -0.156501 -0.31614 1 0.01
22.3082 -6.72 -0.408792 -0.382542 1 -0.01
23.2781 -6.16 0.432769 0.140929 1 0.01
-24.248 -5.6 -0.283196 -0.179847 1 -0.01
-23.2781 -5.04 0.312351 -0.329304 1 0.01
-22.3082 -5.6 -0.232613 0.261731 1 -0.01
-21.3382 -5.04 0.0577535 -0.498879 1 0.01
-20.3683 -5.6 -0.446875 0.0464118 1 -0.01
-19.3984 -5.04 -0.124843 -0.189544 1 0.01
-18.4285 -5.6 0.0270694 -0.412593 1 -0.01
-17.4586 -5.04 0.2714 -0.0478695 1 0.01
-16.4886 -5.6 -0.37373 0.483377 1 -0.01
-15.5187 -5.04 -0.0739221 -0.481892 1 0.01
-14.5488 -5.6 0.446057 -0.469067 1 -0.01
-13.5789 -5.04 -0.0131167 -0.401936 1 0.01
-12.609 -5.6 -0.253646 0.282345 1 -0.01
-11.639 -5.04 -0.186773 -0.1494 1 0.01
-10.6691 -5.6 -0.00209266 0.274777 1 -0.01
-9.6992 -5.04 -0.11339 0.455646 1 0.01
-8.72928 -5.6 0.277256 0.100156 1 -0.01
-7.75936 -5.04 -0.290477 -0.0148812 1 0.01
-6.78944 -5.6 0.00291163 0.414259 1 -0.01
-5.81952 -5.04 0.335219 0.378709 1 0.01
-4.8496 -5.6 0.103895 0.0259801 1 -0.01
-3.87968 -5.04 -0.00956625 -0.428333 1 0.01
-2.90976 -5.6 0.0563715 -0.0217708 1 -0.01
-1.93984 -5.04 -0.157702 -0.32961 1 0.01
-0.96992 -5.6 0.395668 -0.422983 1 -0.01
0 -5.04 0.18433 0.286553 1 0.01
0.96992 -5.6 0.173342 0.263531 1 -0.01
1.93984 -5.04 0.228875 0.299439 1 0.01
2.90976 -5.6 -0.496008 0.218738 1 -0.01
3.87968 -5.04 -0.322744 -0.0785447 1 0.01
4.8496 -5.6 0.371033 -0.197766 1 -0.01
5.81952 -5.04 -0.43529 -0.103866 1 0.01
6.78944 -5.6 0.00812711 -0.380363 1 -0.01
7.75936 -5.04 -0.0641306 0.330947 1 0.01
8.72928 -5.6 -0.0380663 0.381711 1 -0.01
9.6992 -5.04 0.162543 0.328311 1 0.01
10.6691 -5.6 0.352684 0.419619 1 -0.01
11.639 -5.04 -0.269371 0.219324 1 0.01
12.609 -5.6 -0.275888 0.0267855 1 -0.01
13.5789 -5.04 -0.0596659 0.137319 1 0.01
14.5488 -5.6 0.39058 0.421753 1 -0.01
15.5187 -5.04 0.211881 -0.373987 1 0.01
16.4886 -5.6 -0.112712 0.205696 1 -0.01
17.4586 -5.04 -0.391967 0.227406 1 0.01
18.4285 -5.6 -0.0528054 -0.124268 1 -0.01
19.3984 -5.04 0.219701 -0.0450413 1 0.01
20.3683 -5.6 -0.240308 0.277611 1 -0.01
21.3382 -5.04 -0.430345 0.0301164 1 0.01
22.3082 -5.6 -0.25925 -0.5072 1 -0.01
23.2781 -5.04 0.263295 0.054767 1 0.01
-24.248 -4.48 0.198032 0.0408615 1 -0.01
-23.2781 -3.92 0.298727 0.0611481 1 0.01
-22.3082 -4.48 -0.188911 -0.434137 1 -0.01
-21.3382 -3.92 0.0964609 -0.163892 1 0.01
-20.3683 -4.48 0.0140258 -0.219735 1 -0.01
-19.3984 -3.92 -0.466912 0.0485837 1 0.01
-18.4285 -4.48 -0.27363 -0.406021 1 -0.01
-17.4586 -3.92 -0.25948 -0.113311 1 0.01
-16.4886 -4.48 -0.136198 -0.369099 1 -0.01
-15.5187 -3.92 -0.169621 -0.139239 1 0.01
-14.5488 -4.48 0.277431 -0.317525 1 -0.01
-13.5789 -3.92 0.441464 -0.427174 1 0.01
-12.609 -4.48 0.104038 0.0745942 1 -0.01
-11.639 -3.92 0.238065 0.0691314 1 0.01
-10.6691 -4.48 0.276046 0.328428 1 -0.01
-9.6992 -3.92 -0.24216 0.322947 1 0.01
-8.72928 -4.48 0.256899 0.133473 1 -0.01
-7.75936 -3.92 0.233391 -0.395364 1 0.01
-6.78944 -4.48 -0.161685 0.330984 1 -0.01
-5.81952 -3.92 -0.301611 0.164529 1 0.01
-4.8496 -4.48 -0.350719 -0.310259 1 -0.01
-3.87968 -3.92 -0.473199 -0.263069 1 0.01
-2.90976 -4.48 0.353477 0.168389 1 -0.01
-1.93984 -3.92 -0.457471 -0.0586222 1 0.01
-0.96992 -4.48 -0.301783 0.0584005 1 -0.01
0 -3.92 -0.0629056 0.471202 1 0.01
0.96992 -4.48 0.125461 0.339293 1 -0.01
1.93984 -3.92 -0.161122 0.1085 1 0.01
2.90976 -4.48 0.401175 0.437288 1 -0.01
3.87968 -3.92 -0.303279 -0.25707 1 0.01
4.8496 -4.48 0.103979 0.0216278 1 -0.01
5.81952 -3.92 0.187931 -0.321318 1 0.01
6.78944 -4.48 -0.0445414 0.234288 1 -0.01
7.75936 -3.92 0.0863355 -0.443101 1 0.01
8.72928 -4.48 -0.439392 0.0225961 1 -0.01
9.6992 -3.92 0.406857 0.190687 1 0.01
10.6691 -4.48 0.0703478 -0.148563 1 -0.01
11.639 -3.92 -0.19828 0.194769 1 0.01
12.609 -4.48 0.356307 -0.283961 1 -0.01
13.5789 -3.92 -0.484123 0.373807 1 0.01
14.5488 -4.48 0.418048 0.208668 1 -0.01
15.5187 -3.92 -0.203795 -0.0466309 1 0.01
16.4886 -4.48 -0.105776 0.167539 1 -0.01
17.4586 -3.92 -0.366455 -0.0496211 1 0.01
18.4285 -4.48 0.0510179 -0.464332 1 -0.01
19.3984 -3.92 0.311324 -0.413684 1 0.01
20.3683 -4.48 -0.462858 -0.170178 1 -0.01
21.3382 -3.92 -0.362991 0.208185 1 0.01
22.3082 -4.48 0.295677 0.256207 1 -0.01
23.2781 -3.92 0.164863 -0.233148 1 0.01
-24.248 -3.36 -0.0422139 -0.0976207 1 -0.01
-23.2781 -2.8 0.166311 0.321905 1 0.01
-22.3082 -3.36 0.205915 0.285757 1 -0.01
-21.3382 -2.8 -0.0630051 -0.157489 1 0.01
-20.3683 -3.36 -0.448914 -0.028055 1 -0.01
-19.3984 -2.8 -0.468682 -0.277473 1 0.01
-18.4285 -3.36 0.0888588 0.180918 1 -0.01
-17.4586 -2.8 0.424175 -0.17936 1 0.01
-16.4886 -3.36 -0.161355 -0.238793 1 -0.01
-15.5187 -2.8 -0.318804 -0.271068 1 0.01
-14.5488 -3.36 -0.450596 0.471475 1 -0.01
-13.5789 -2.8 -0.0305975 -0.364895 1 0.01
-12.609 -3.36 -0.433523 0.309224 1 -0.01
-11.639 -2.8 -0.305642 0.406043 1 0.01
-10.6691 -3.36 0.265491 -0.274724 1 -0.01
-9.6992 -2.8 0.227197 -0.0542041 1 0.01
-8.72928 -3.36 0.076205 0.474175 1 -0.01
-7.75936 -2.8 -0.0897492 -0.406528 1 0.01
-6.78944 -3.36 0.369642 0.410992 1 -0.01
-5.81952 -2.8 0.495346 0.0836191 1 0.01
-4.8496 -3.36 0.283064 -0.163573 1 -0.01
-3.87968 -2.8 0.475972 0.318749 1 0.01
-2.90976 -3.36 0.0577375 0.320922 1 -0.01
-1.93984 -2.8 -0.359021 -0.36804 1 0.01
-0.96992 -3.36 0.30947 0.254699 1 -0.01
0 -2.8 -0.374612 -0.114809 1 0.01
0.96992 -3.36 -0.0323801 -0.103178 1 -0.01
1.93984 -2.8 0.127479 -0.209554 1 0.01
2.90976 -3.36 0.299384 0.488786 1 -0.01
3.87968 -2.8 -0.171967 0.331383 1 0.01
4.8496 -3.36 0.168598 -0.08822 1 -0.01
5.81952 -2.8 0.417436 -0.086224 1 0.01
6.78944 -3.36 -0.301432 -0.484728 1 -0.01
7.75936 -2.8 -0.0492922 0.30555 1 0.01
8.72928 -3.36 -0.366991 -0.0786866 1 -0.01
9.6992 -2.8 0.274439 0.374123 1 0.01
10.6691 -3.36 0.486956 0.450249 1 -0.01
11.639 -2.8 -0.442125 0.00145371 1 0.01
12.609 -3.36 -0.357676 0.484414 1 -0.01
13.5789 -2.8 -0.150205 -0.494767 1 0.01
14.5488 -3.36 0.101258 0.239656 1 -0.01
15.5187 -2.8 0.306863 -0.362721 1 0.01
16.4886 -3.36 0.160398 -0.267878 1 -0.01
17.4586 -2.8 0.46398 -0.467502 1 0.01
18.4285 -3.36 -0.0318226 -0.45793 1 -0.01
19.3984 -2.8 -0.248453 -0.490487 1 0.01
20.3683 -3.36 -0.215671 -0.176179 1 -0.01
21.3382 -2.8 -0.502431 0.458077 1 0.01
22.3082 -3.36 0.404409 0.459505 1 -0.01
23.2781 -2.8 -0.242658 -0.387247 1 0.01
-24.248 -2.24 0.280672 -0.405757 1 -0.01
-23.2781 -1.68 -0.131316 0.152071 1 0.01
-22.3082 -2.24 -0.382814 -0.350905 1 -0.01
-21.3382 -1.68 -0.371576 0.000504461 1 0.01
-20.3683 -2.24 0.0160249 0.103246 1 -0.01
-19.3984 -1.68 0.121324 -0.338556 1 0.01
-18.4285 -2.24 -0.0610661 -0.456253 1 -0.01
-17.4586 -1.68 -0.434153 -0.431379 1 0.01
-16.4886 -2.24 0.464982 -0.333888 1 -0.01
-15.5187 -1.68 0.334073 0.0408087 1 0.01
-14.5488 -2.24 -0.410361 -0.172746 1 -0.01
-13.5789 -1.68 -0.30468 -0.234048 1 0.01
-12.609 -2.24 0.0191943 -0.276467 1 -0.01
-11.639 -1.68 0.00565933 -0.0511018 1 0.01
-10.6691 -2.24 -0.274767 -0.149884 1 -0.01
-9.6992 -1.68 -0.43789 0.11111 1 0.01
-8.72928 -2.24 0.272973 0.47897 1 -0.01
-7.75936 -1.68 -0.351074 0.140754 1 0.01
-6.78944 -2.24 -0.306736 -0.145285 1 -0.01
-5.81952 -1.68 0.422956 0.417384 1 0.01
-4.8496 -2.24 -0.205659 0.305268 1 -0.01
-3.87968 -1.68 0.168846 0.222505 1 0.01
-2.90976 -2.24 0.447842 0.0586122 1 -0.01
-1.93984 -1.68 -0.201165 0.416779 1 0.01
-0.96992 -2.24 0.162278 -0.272762 1 -0.01
0 -1.68 0.370017 0.0300973 1 0.01
0.96992 -2.24 -0.11524 -0.156957 1 -0.01
1.93984 -1.68 -0.0842263 0.3984 1 0.01
2.90976 -2.24 0.402409 0.337332 1 -0.01
3.87968 -1.68 0.288991 -0.140834 1 0.01
4.8496 -2.24 0.240191 0.369115 1 -0.01
5.81952 -1.68 0.113283 0.242298 1 0.01
6.78944 -2.24 -0.334789 0.0684029 1 -0.01
7.75936 -1.68 -0.149198 0.379458 1 0.01
8.72928 -2.24 -0.226111 -0.0222014 1 -0.01
9.6992 -1.68 -0.44378 0.205187 1 0.01
10.6691 -2.24 0.194025 0.30744 1 -0.01
11.639 -1.68 -0.451744 0.118494 1 0.01
12.609 -2.24 -0.102238 -0.264791 1 -0.01
13.5789 -1.68 0.256335 0.309654 1 0.01
14.5488 -2.24 0.347473 -0.320511 1 -0.01
15.5187 -1.68 -0.0950944 0.112536 1 0.01
16.4886 -2.24 0.179043 -0.270179 1 -0.01
17.4586 -1.68 0.271158 -0.0942166 1 0.01
18.4285 -2.24 0.331371 -0.470974 1 -0.01
19.3984 -1.68 -0.0499926 -0.156756 1 0.01
20.3683 -2.24 0.0935047 -0.509439 1 -0.01
21.3382 -1.68 0.0142368 -0.0633737 1 0.01
22.3082 -2.24 -0.385033 -0.426002 1 -0.01
23.2781 -1.68 -0.0424312 0.102908 1 0.01
-24.248 -1.12 0.0420646 -0.315934 1 -0.01
-23.2781 -0.56 0.229388 -0.112604 1 0.01
-22.3082 -1.12 0.286269 0.425159 1 -0.01
-21.3382 -0.56 0.288212 -0.0600422 1 0.01
-20.3683 -1.12 0.208992 -0.408755 1 -0.01
-19.3984 -0.56 -0.41218 0.455623 1 0.01
-18.4285 -1.12 -0.183675 0.214163 1 -0.01
-17.4586 -0.56 0.195124 -0.120833 1 0.01
-16.4886 -1.12 0.230705 -0.122821 1 -0.01
-15.5187 -0.56 -0.430716 0.171572 1 0.01
-14.5488 -1.12 0.0619518 0.253352 1 -0.01
-13.5789 -0.56 0.044855 -0.362857 1 0.01
-12.609 -1.12 -0.217641 0.303541 1 -0.01
-11.639 -0.56 0.328132 0.0645886 1 0.01
-10.6691 -1.12 0.437289 0.150203 1 -0.01
-9.6992 -0.56 0.265474 0.287068 1 0.01
-8.72928 -1.12 0.087907 0.345149 1 -0.01
-7.75936 -0.56 0.493667 -0.364034 1 0.01
-6.78944 -1.12 0.0154202 -0.122803 1 -0.01
-5.81952 -0.56 -0.254027 -0.371542 1 0.01
-4.8496 -1.12 0.1335 0.11174 1 -0.01
-3.87968 -0.56 -0.459445 -0.0288689 1 0.01
-2.90976 -1.12 0.0946346 0.308729 1 -0.01
-1.93984 -0.56 -0.116228 -0.449184 1 0.01
-0.96992 -1.12 -0.381933 0.173253 1 -0.01
0 -0.56 0.367291 -0.250622 1 0.01
0.96992 -1.12 -0.317131 0.474022 1 -0.01
1.93984 -0.56 -0.0875852 0.207762 1 0.01
2.90976 -1.12 -0.330008 0.238716 1 -0.01
3.87968 -0.56 -0.270392 -0.104179 1 0.01
4.8496 -1.12 0.410193 -0.391575 1 -0.01
5.81952 -0.56 -0.133305 0.035474 1 0.01
6.78944 -1.12 0.0444396 0.117914 1 -0.01
7.75936 -0.56 -0.129144 -0.127792 1 0.01
8.72928 -1.12 0.0707543 0.276077 1 -0.01
9.6992 -0.56 -0.236682 -0.0988179 1 0.01
10.6691 -1.12 -0.462836 0.425418 1 -0.01
11.639 -0.56 -0.0980374 -0.403868 1 0.01
12.609 -1.12 -0.0811203 0.344184 1 -0.01
13.5789 -0.56 -0.475113 0.051118 1 0.01
14.5488 -1.12 -0.497945 -0.272935 1 -0.01
15.5187 -0.56 -0.148752 0.283079 1 0.01
16.4886 -1.12 0.280606 0.282718 1 -0.01
17.4586 -0.56 -0.381432 -0.114791 1 0.01
18.4285 -1.12 -0.489938 0.397971 1 -0.01
19.3984 -0.56 -0.454311 -0.477643 1 0.01
20.3683 -1.12 -0.053118 -0.191145 1 -0.01
21.3382 -0.56 0.401813 0.417899 1 0.01
22.3082 -1.12 0.144026 -0.145259 1 -0.01
23.2781 -0.56 -0.0250338 -0.229015 1 0.01
-24.248 0 0.288296 -0.0934024 1 -0.01
-23.2781 0.56 0.0274837 -0.104559 1 0.01
-22.3082 0 0.0329313 0.267031 1 -0.01
-21.3382 0.56 -0.409937 -0.289155 1 0.01
-20.3683 0 0.0139331 -0.0124178 1 -0.01
-19.3984 0.56 -0.186771 0.251281 1 0.01
-18.4285 0 0.286442 -0.0596812 1 -0.01
-17.4586 0.56 -0.324539 0.17497 1 0.01
-16.4886 0 -0.082774 0.119471 1 -0.01
-15.5187 0.56 0.425068 0.367886 1 0.01
-14.5488 0 0.356935 0.217406 1 -0.01
-13.5789 0.56 -0.28812 -0.127962 1 0.01
-12.609 0 -0.31047 -0.107284 1 -0.01
-11.639 0.56 -0.0371252 -0.356331 1 0.01
-10.6691 0 0.176163 0.0715075 1 -0.01
-9.6992 0.56 0.243329 -0.181916 1 0.01
-8.72928 0 0.339308 0.0882551 1 -0.01
-7.75936 0.56 0.446422 -0.382299 1 0.01
-6.78944 0 0.0273335 0.225114 1 -0.01
-5.81952 0.56 -0.335954 0.421443 1 0.01
-4.8496 0 0.411692 -0.227393 1 -0.01
-3.87968 0.56 0.132683 -0.399331 1 0.01
-2.90976 0 -0.144896 0.290327 1 -0.01
-1.93984 0.56 -0.00849411 0.071687 1 0.01
-0.96992 0 -0.291738 -0.18934 1 -0.01
0 0.56 0.446329 -0.164597 1 0.01
0.96992 0 -0.103354 -0.0234978 1 -0.01
1.93984 0.56 0.137474 -0.491421 1 0.01
2.90976 0 0.240445 0.444881 1 -0.01
3.87968 0.56 0.29107 0.396217 1 0.01
4.8496 0 0.333619 -0.0239355 1 -0.01
5.81952 0.56 0.302724 0.42042 1 0.01
6.78944 0 0.371758 0.17856 1 -0.01
7.75936 0.56 0.168664 0.369723 1 0.01
8.72928 0 0.156129 -0.486216 1 -0.01
9.6992 0.56 -0.31534 0.0865877 1 0.01
10.6691 0 -0.310653 -0.313693 1 -0.01
11.639 0.56 -0.49095 -0.325233 1 0.01
12.609 0 0.177712 0.385583 1 -0.01
13.5789 0.56 0.442298 0.0246711 1 0.01
14.5488 0 -0.296613 0.282742 1 -0.01
15.5187 0.56 0.276078 -0.282314 1 0.01
16.4886 0 0.418831 0.167889 1 -0.01
17.4586 0.56 -0.323725 -0.0143075 1 0.01
18.4285 0 -0.448993 0.205777 1 -0.01
19.3984 0.56 -0.153118 0.340983 1 0.01
20.3683 0 -0.40776 -0.008973 1 -0.01
21.3382 0.56 0.471299 0.408039 1 0.01
22.3082 0 -0.227607 0.456834 1 -0.01
23.2781 0.56 -0.446925 0.301381 1 0.01
-24.248 1.12 -0.260006 -0.276994 1 -0.01
-23.2781 1.68 0.159975 0.208455 1 0.01
-22.3082 1.12 0.368381 -0.448015 1 -0.01
-21.3382 1.68 -0.058849 -0.146834 1 0.01
-20.3683 1.12 -0.360038 -0.427008 1 -0.01
-19.3984 1.68 -0.221091 -0.0797752 1 0.01
-18.4285 1.12 0.461034 0.248458 1 -0.01
-17.4586 1.68 -0.149045 0.484741 1 0.01
-16.4886 1.12 -0.262653 -0.28059 1 -0.01
-15.5187 1.68 -0.147221 0.112965 1 0.01
-14.5488 1.12 0.492565 0.371531 1 -0.01
-13.5789 1.68 0.309136 0.451897 1 0.01
-12.609 1.12 0.265113 -0.48025 1 -0.01
-11.639 1.68 -0.369975 -0.10448 1 0.01
-10.6691 1.12 0.326612 0.299451 1 -0.01
-9.6992 1.68 0.02126 0.0531216 1 0.01
-8.72928 1.12 0.370619 -0.365182 1 -0.01
-7.75936 1.68 0.168423 -0.475687 1 0.01
-6.78944 1.12 0.241927 -0.104351 1 -0.01
-5.81952 1.68 -0.459183 0.451001 1 0.01
-4.8496 1.12 -2.7108e-05 -0.218509 1 -0.01
-3.87968 1.68 0.121307 0.0309477 1 0.01
-2.90976 1.12 -0.0174299 -0.418756 1 -0.01
-1.93984 1.68 -0.188972 0.0605029 1 0.01
-0.96992 1.12 -0.416572 0.243286 1 -0.01
0 1.68 0.427446 -0.233638 1 0.01
0.96992 1.12 0.393683 -0.0930372 1 -0.01
1.93984 1.68 -0.027987 -0.13809 1 0.01
2.90976 1.12 -0.0883583 0.354737 1 -0.01
3.87968 1.68 0.0666167 -0.281345 1 0.01
4.8496 1.12 0.236171 -0.453773 1 -0.01
5.81952 1.68 0.238174 -0.465682 1 0.01
6.78944 1.12 0.220801 -0.053997 1 -0.01
7.75936 1.68 -0.092936 -0.275474 1 0.01
8.72928 1.12 0.266181 -0.105017 1 -0.01
9.6992 1.68 -0.303524 0.0704069 1 0.01
10.6691 1.12 0.124082 0.128095 1 -0.01
11.639 1.68 0.169765 -0.453585 1 0.01
12.609 1.12 -0.0216821 0.0925564 1 -0.01
13.5789 1.68 0.38065 -0.246979 1 0.01
14.5488 1.12 -0.060393 0.416039 1 -0.01
15.5187 1.68 -0.307333 0.10496 1 0.01
16.4886 1.12 -0.0626672 0.341319 1 -0.01
17.4586 1.68 -0.0812742 -0.343646 1 0.01
18.4285 1.12 0.0336353 -0.198377 1 -0.01
19.3984 1.68 -0.193311 -0.399137 1 0.01
20.3683 1.12 -0.383698 -0.2455 1 -0.01
21.3382 1.68 -0.257796 -0.306427 1 0.01
22.3082 1.12 -0.216721 -0.334359 1 -0.01
23.2781 1.68 0.313344 0.472309 1 0.01
-24.248 2.24 0.489579 0.108825 1 -0.01
-23.2781 2.8 0.486685 0.250608 1 0.01
-22.3082 2.24 0.150376 -0.466413 1 -0.01
-21.3382 2.8 0.464052 0.179205 1 0.01
-20.3683 2.24 -0.369962 0.112175 1 -0.01
-19.3984 2.8 -0.501392 0.333884 1 0.01
-18.4285 2.24 -0.125715 0.241191 1 -0.01
-17.4586 2.8 0.279 0.0610543 1 0.01
-16.4886 2.24 -0.0917077 -0.309975 1 -0.01
-15.5187 2.8 0.192931 0.0710469 1 0.01
-14.5488 2.24 0.209751 -0.0170911 1 -0.01
-13.5789 2.8 0.406276 0.307193 1 0.01
-12.609 2.24 0.190962 -0.216513 1 -0.01
-11.639 2.8 0.331288 0.393534 1 0.01
-10.6691 2.24 0.494964 -0.392461 1 -0.01
-9.6992 2.8 -0.0358687 -0.254134 1 0.01
-8.72928 2.24 -0.224284 0.191464 1 -0.01
-7.75936 2.8 0.0218735 -0.453969 1 0.01
-6.78944 2.24 0.428457 0.189129 1 -0.01
-5.81952 2.8 -0.473104 0.128671 1 0.01
-4.8496 2.24 -0.322659 -0.480996 1 -0.01
-3.87968 2.8 -0.191138 -0.376007 1 0.01
-2.90976 2.24 -0.0809114 -0.00312566 1 -0.01
-1.93984 2.8 0.34062 -0.119168 1 0.01
-0.96992 2.24 0.213227 0.123003 1 -0.01
0 2.8 -0.162788 -0.0783647 1 0.01
0.96992 2.24 -0.230067 -0.0803777 1 -0.01
1.93984 2.8 -0.459391 0.180689 1 0.01
2.90976 2.24 -0.354367 -0.0558224 1 -0.01
3.87968 2.8 -0.138711 -0.460679 1 0.01
4.8496 2.24 -0.331236 -0.238092 1 -0.01
5.81952 2.8 -0.0334119 0.381488 1 0.01
6.78944 2.24 -0.372776 -0.485663 1 -0.01
7.75936 2.8 0.0961495 0.136056 1 0.01
8.72928 2.24 0.374702 -0.371432 1 -0.01
9.6992 2.8 0.297979 -0.279533 1 0.01
10.6691 2.24 -0.0761591 0.485375 1 -0.01
11.639 2.8 0.377495 0.0813177 1 0.01
12.609 2.24 -0.0797017 0.360604 1 -0.01
13.5789 2.8 -0.383133 -0.125875 1 0.01
14.5488 2.24 -0.271831 -0.467586 1 -0.01
15.5187 2.8 0.166593 -0.340988 1 0.01
16.4886 2.24 -0.369317 0.191544 1 -0.01
17.4586 2.8 -0.194685 -0.205988 1 0.01
18.4285 2.24 -0.0143786 0.0912968 1 -0.01
19.3984 2.8 -0.199938 0.166744 1 0.01
20.3683 2.24 0.268213 -0.0841405 1 -0.01
21.3382 2.8 0.232322 0.00413619 1 0.01
22.3082 2.24 0.175118 0.247491 1 -0.01
23.2781 2.8 -0.493645 -0.389706 1 0.01
-24.248 3.36 0.264473 -0.193229 1 -0.01
-23.2781 3.92 -0.364767 -0.216603 1 0.01
-22.3082 3.36 -0.355217 0.303933 1 -0.01
-21.3382 3.92 0.299147 -0.400144 1 0.01
-20.3683 3.36 0.195727 -0.186113 1 -0.01
-19.3984 3.92 0.325189 0.123647 1 0.01
-18.4285 3.36 0.0611171 -0.178039 1 -0.01
-17.4586 3.92 0.193343 0.153939 1 0.01
-16.4886 3.36 0.421086 -0.0715549 1 -0.01
-15.5187 3.92 0.448691 -0.010468 1 0.01
-14.5488 3.36 0.441878 -0.379708 1 -0.01
-13.5789 3.92 -0.000591412 0.373642 1 0.01
-12.609 3.36 -0.00274362 -0.455132 1 -0.01
-11.639 3.92 -0.2236 0.304848 1 0.01
-10.6691 3.36 0.453861 0.361426 1 -0.01
-9.6992 3.92 0.152142 -0.0172495 1 0.01
-8.72928 3.36 -0.0300098 -0.476037 1 -0.01
-7.75936 3.92 0.0616544 -0.377431 1 0.01
-6.78944 3.36 0.333767 0.332889 1 -0.01
-5.81952 3.92 -0.300114 -0.343615 1 0.01
-4.8496 3.36 0.0837889 -0.418396 1 -0.01
-3.87968 3.92 0.372399 -0.22995 1 0.01
-2.90976 3.36 0.453496 -0.183794 1 -0.01
-1.93984 3.92 -0.11955 0.462024 1 0.01
-0.96992 3.36 -0.0319407 0.348625 1 -0.01
0 3.92 -0.131529 -0.435713 1 0.01
0.96992 3.36 0.128773 -0.438089 1 -0.01
1.93984 3.92 0.473185 0.229063 1 0.01
2.90976 3.36 -0.275261 -0.186779 1 -0.01
3.87968 3.92 -0.265352 -0.0682388 1 0.01
4.8496 3.36 -0.257775 0.191124 1 -0.01
5.81952 3.92 0.118105 0.0747169 1 0.01
6.78944 3.36 0.0102889 0.0103644 1 -0.01
7.75936 3.92 -0.304934 -0.423216 1 0.01
8.72928 3.36 -0.0755342 0.416994 1 -0.01
9.6992 3.92 0.377762 -0.0892743 1 0.01
10.6691 3.36 0.397095 0.335726 1 -0.01
11.639 3.92 -0.227784 0.433456 1 0.01
12.609 3.36 -0.0496996 0.262673 1 -0.01
13.5789 3.92 -0.029081 0.019434 1 0.01
14.5488 3.36 0.125842 0.308138 1 -0.01
15.5187 3.92 0.363272 -0.342718 1 0.01
16.4886 3.36 -0.498539 0.468188 1 -0.01
17.4586 3.92 -0.466083 0.133557 1 0.01
18.4285 3.36 0.237478 -0.0557895 1 -0.01
19.3984 3.92 0.169647 0.028756 1 0.01
20.3683 3.36 0.388287 -0.148825 1 -0.01
21.3382 3.92 -0.0955912 0.459182 1 0.01
22.3082 3.36 0.00885829 0.379707 1 -0.01
23.2781 3.92 0.237376 -0.260853 1 0.01
-24.248 4.48 0.215232 0.0907475 1 -0.01
-23.2781 5.04 0.151113 0.26822 1 0.01
-22.3082 4.48 -0.304169 0.362801 1 -0.01
-21.3382 5.04 0.134108 0.469686 1 0.01
-20.3683 4.48 0.208239 0.0932546 1 -0.01
-19.3984 5.04 -0.435372 0.289486 1 0.01
-18.4285 4.48 -0.483212 0.236682 1 -0.01
-17.4586 5.04 0.477312 -0.414325 1 0.01
-16.4886 4.48 0.0372894 -0.123171 1 -0.01
-15.5187 5.04 -0.0370185 -0.0494033 1 0.01
-14.5488 4.48 0.339398 -0.198713 1 -0.01
-13.5789 5.04 0.306299 0.419918 1 0.01
-12.609 4.48 -0.434131 0.300359 1 -0.01
-11.639 5.04 0.123856 -0.118109 1 0.01
-10.6691 4.48 -0.174628 -0.151902 1 -0.01
-9.6992 5.04 -0.234698 -0.261849 1 0.01
-8.72928 4.48 0.119105 -0.365195 1 -0.01
-7.75936 5.04 0.10687 -0.275173 1 0.01
-6.78944 4.48 0.0711269 -0.457064 1 -0.01
-5.81952 5.04 0.418058 -0.122803 1 0.01
-4.8496 4.48 -0.103759 0.13192 1 -0.01
-3.87968 5.04 -0.22863 -0.196683 1 0.01
-2.90976 4.48 0.311955 0.488462 1 -0.01
-1.93984 5.04 -0.213448 0.362447 1 0.01
-0.96992 4.48 -0.301915 -0.0282674 1 -0.01
0 5.04 0.329639 -0.282684 1 0.01
0.96992 4.48 0.480675 -0.407537 1 -0.01
1.93984 5.04 0.395868 -0.0767297 1 0.01
2.90976 4.48 -0.0967547 -0.446677 1 -0.01
3.87968 5.04 -0.0933669 -0.48979 1 0.01
4.8496 4.48 -0.443717 0.254921 1 -0.01
5.81952 5.04 0.202005 -0.360461 1 0.01
6.78944 4.48 -0.223149 0.185017 1 -0.01
7.75936 5.04 -0.0100774 0.0848546 1 0.01
8.72928 4.48 0.0400997 -0.359416 1 -0.01
9.6992 5.04 -0.342738 -0.225052 1 0.01
10.6691 4.48 -0.445691 0.255138 1 -0.01
11.639 5.04 0.067437 -0.132965 1 0.01
12.609 4.48 0.269554 0.465315 1 -0.01
13.5789 5.04 -0.458618 -0.341632 1 0.01
14.5488 4.48 -0.216601 0.170223 1 -0.01
15.5187 5.04 -0.247413 0.169302 1 0.01
16.4886 4.48 -0.182635 -0.338494 1 -0.01
17.4586 5.04 0.135461 -0.382504 1 0.01
18.4285 4.48 0.398296 0.486481 1 -0.01
19.3984 5.04 0.301981 0.284649 1 0.01
20.3683 4.48 0.436095 0.403412 1 -0.01
21.3382 5.04 -0.414723 -0.0221786 1 0.01
22.3082 4.48 -0.389585 0.151301 1 -0.01
23.2781 5.04 -0.322514 -0.198558 1 0.01
-24.248 5.6 0.195848 -0.204035 1 -0.01
-23.2781 6.16 -0.354979 -0.140541 1 0.01
-22.3082 5.6 -0.189597 -0.430419 1 -0.01
-21.3382 6.16 -0.147247 0.219907 1 0.01
-20.3683 5.6 0.319154 0.333134 1 -0.01
-19.3984 6.16 0.435564 0.303354 1 0.01
-18.4285 5.6 -0.453784 -0.487465 1 -0.01
-17.4586 6.16 -0.433675 -0.301711 1 0.01
-16.4886 5.6 0.314141 0.456779 1 -0.01
-15.5187 6.16 -0.337164 -0.347162 1 0.01
-14.5488 5.6 -0.345722 0.190553 1 -0.01
-13.5789 6.16 -0.102215 0.30084 1 0.01
-12.609 5.6 0.335697 -0.145756 1 -0.01
-11.639 6.16 -0.493503 0.482754 1 0.01
-10.6691 5.6 -0.491043 -0.206162 1 -0.01
-9.6992 6.16 -0.0277341 0.37021 1 0.01
-8.72928 5.6 -0.45662 0.486126 1 -0.01
-7.75936 6.16 0.355548 -0.509041 1 0.01
-6.78944 5.6 -0.0323184 -0.395872 1 -0.01
-5.81952 6.16 -0.403732 -0.0294901 1 0.01
-4.8496 5.6 0.234604 -0.313677 1 -0.01
-3.87968 6.16 0.250638 0.472774 1 0.01
-2.90976 5.6 -0.0912101 -0.0415789 1 -0.01
-1.93984 6.16 -0.35732 -0.437321 1 0.01
-0.96992 5.6 -0.307523 0.266572 1 -0.01
0 6.16 0.237268 -0.287614 1 0.01
0.96992 5.6 0.0660162 -0.0738411 1 -0.01
1.93984 6.16 0.06886 0.315294 1 0.01
2.90976 5.6 0.140519 -0.304954 1 -0.01
3.87968 6.16 0.451801 -0.442955 1 0.01
4.8496 5.6 0.242471 -0.461961 1 -0.01
5.81952 6.16 0.338535 -0.440303 1 0.01
6.78944 5.6 -0.299151 -0.191872 1 -0.01
7.75936 6.16 -0.350629 0.308546 1 0.01
8.72928 5.6 0.231857 0.024527 1 -0.01
9.6992 6.16 -0.27681 0.198697 1 0.01
10.6691 5.6 -0.219677 0.217233 1 -0.01
11.639 6.16 -0.313207 0.480524 1 0.01
12.609 5.6 0.00745949 -0.329318 1 -0.01
13.5789 6.16 0.49498 -0.208361 1 0.01
14.5488 5.6 -0.0616257 -0.0660422 1 -0.01
15.5187 6.16 -0.240484 -0.0247154 1 0.01
16.4886 5.6 -0.196282 -0.116138 1 -0.01
17.4586 6.16 0.137585 0.270549 1 0.01
18.4285 5.6 -0.24757 -0.458156 1 -0.01
19.3984 6.16 -0.30625 -0.388245 1 0.01
20.3683 5.6 -0.0525497 -0.26485 1 -0.01
21.3382 6.16 -0.307304 -0.158851 1 0.01
22.3082 5.6 -0.260516 0.022968 1 -0.01
23.2781 6.16 0.485966 0.386353 1 0.01
-24.248 6.72 0.0414827 -0.0798902 1 -0.01
-23.2781 7.28 0.0567354 -0.481754 1 0.01
-22.3082 6.72 -0.0592876 -0.223687 1 -0.01
-21.3382 7.28 0.0700266 0.401561 1 0.01
-20.3683 6.72 -0.229299 0.00729192 1 -0.01
-19.3984 7.28 -0.261235 0.0262123 1 0.01
-18.4285 6.72 -0.297986 0.397089 1 -0.01
-17.4586 7.28 -0.193631 0.264602 1 0.01
-16.4886 6.72 0.213306 0.298722 1 -0.01
-15.5187 7.28 0.100778 0.436052 1 0.01
-14.5488 6.72 0.378443 0.000883634 1 -0.01
-13.5789 7.28 -0.443967 0.107071 1 0.01
-12.609 6.72 -0.360699 -0.436282 1 -0.01
-11.639 7.28 -0.174847 -0.279761 1 0.01
-10.6691 6.72 0.386688 -0.104024 1 -0.01
-9.6992 7.28 -0.0858879 0.262637 1 0.01
-8.72928 6.72 -0.16954 -0.379767 1 -0.01
-7.75936 7.28 0.481501 0.337205 1 0.01
-6.78944 6.72 0.133386 -0.365952 1 -0.01
-5.81952 7.28 0.0980458 0.139766 1 0.01
-4.8496 6.72 -0.492295 -0.320476 1 -0.01
-3.87968 7.28 0.426952 -0.0667372 1 0.01
-2.90976 6.72 0.422205 -0.0199756 1 -0.01
-1.93984 7.28 0.208706 0.19736 1 0.01
-0.96992 6.72 -0.167672 0.142409 1 -0.01
0 7.28 -0.404195 0.235095 1 0.01
0.96992 6.72 0.156884 0.256154 1 -0.01
1.93984 7.28 -0.432462 -0.146709 1 0.01
2.90976 6.72 0.13011 0.356175 1 -0.01
3.87968 7.28 0.320917 -0.443318 1 0.01
4.8496 6.72 0.0440764 0.257003 1 -0.01
5.81952 7.28 -0.157604 -0.471692 1 0.01
6.78944 6.72 0.327893 0.458436 1 -0.01
7.75936 7.28 -0.29605 0.465683 1 0.01
8.72928 6.72 0.152503 -0.206959 1 -0.01
9.6992 7.28 0.29191 -0.445687 1 0.01
10.6691 6.72 0.338472 -0.31661 1 -0.01
11.639 7.28 0.380426 -0.475465 1 0.01
12.609 6.72 0.430388 0.21727 1 -0.01
13.5789 7.28 -0.317097 -0.276424 1 0.01
14.5488 6.72 0.284293 -0.151366 1 -0.01
15.5187 7.28 -0.109973 0.246953 1 0.01
16.4886 6.72 -0.0611548 -0.225445 1 -0.01
17.4586 7.28 -0.02806 0.0173503 1 0.01
18.4285 6.72 -0.437625 0.220915 1 -0.01
19.3984 7.28 0.371071 0.126932 1 0.01
20.3683 6.72 0.0764799 0.321983 1 -0.01
21.3382 7.28 0.150538 0.180838 1 0.01
22.3082 6.72 0.329863 0.0649116 1 -0.01
23.2781 7.28 -0.295692 0.279691 1 0.01
-24.248 7.84 0.0523094 -0.434214 1 -0.01
-23.2781 8.4 0.431678 0.216572 1 0.01
-22.3082 7.84 -0.272722 0.360841 1 -0.01
-21.3382 8.4 -0.262094 -0.189847 1 0.01
-20.3683 7.84 -0.274423 -0.466321 1 -0.01
-19.3984 8.4 -0.430309 -0.19245 1 0.01
-18.4285 7.84 0.458563 -0.0420584 1 -0.01
-17.4586 8.4 -0.200638 0.468226 1 0.01
-16.4886 7.84 -0.0665966 -0.402792 1 -0.01
-15.5187 8.4 0.189516 0.402393 1 0.01
-14.5488 7.84 0.165949 0.142229 1 -0.01
-13.5789 8.4 -0.450068 -0.218616 1 0.01
-12.609 7.84 -0.0213264 0.047082 1 -0.01
-11.639 8.4 0.00790167 0.340086 1 0.01
-10.6691 7.84 -0.0770138 -0.166233 1 -0.01
-9.6992 8.4 0.339527 -0.302428 1 0.01
-8.72928 7.84 -0.275531 0.302689 1 -0.01
-7.75936 8.4 0.402754 -0.499748 1 0.01
-6.78944 7.84 -0.0199279 -0.497864 1 -0.01
-5.81952 8.4 -0.0361544 -0.213492 1 0.01
-4.8496 7.84 -0.265501 -0.329387 1 -0.01
-3.87968 8.4 -0.0856871 0.0654345 1 0.01
-2.90976 7.84 0.295874 -0.183495 1 -0.01
-1.93984 8.4 0.467724 0.0833656 1 0.01
-0.96992 7.84 -0.206241 0.172588 1 -0.01
0 8.4 0.43389 -0.509082 1 0.01
0.96992 7.84 -0.00128153 -0.453233 1 -0.01
1.93984 8.4 0.230118 -0.36703 1 0.01
2.90976 7.84 -0.162028 -0.301214 1 -0.01
3.87968 8.4 0.379476 0.231507 1 0.01
4.8496 7.84 0.281461 0.406819 1 -0.01
5.81952 8.4 0.0751789 -0.0670765 1 0.01
6.78944 7.84 0.372368 0.356285 1 -0.01
7.75936 8.4 0.312064 0.413938 1 0.01
8.72928 7.84 -0.379765 -0.41717 1 -0.01
9.6992 8.4 0.169293 0.311607 1 0.01
10.6691 7.84 -0.345887 -0.137499 1 -0.01
11.639 8.4 0.201604 -0.253927 1 0.01
12.609 7.84 -0.473245 0.345075 1 -0.01
13.5789 8.4 -0.0395114 0.338219 1 0.01
14.5488 7.84 -0.341509 -0.112552 1 -0.01
15.5187 8.4 0.44463 0.161316 1 0.01
16.4886 7.84 -0.322278 0.305844 1 -0.01
17.4586 8.4 0.252133 0.393205 1 0.01
18.4285 7.84 -0.170839 0.374451 1 -0.01
19.3984 8.4 0.309429 -0.366769 1 0.01
20.3683 7.84 -0.00564673 -0.0495839 1 -0.01
21.3382 8.4 0.0196396 -0.0744728 1 0.01
22.3082 7.84 -0.0759503 -0.0187071 1 -0.01
23.2781 8.4 0.0633261 0.0966794 1 0.01
-24.248 8.96 -0.468189 0.249893 1 -0.01
-23.2781 9.52 0.0778011 -0.497439 1 0.01
-22.3082 8.96 -0.402988 0.484886 1 -0.01
-21.3382 9.52 0.020528 0.137561 1 0.01
-20.3683 8.96 -0.386733 -0.239562 1 -0.01
-19.3984 9.52 0.33986 0.0665874 1 0.01
-18.4285 8.96 -0.177314 -0.163858 1 -0.01
-17.4586 9.52 -0.367809 0.139034 1 0.01
-16.4886 8.96 -0.295494 0.330779 1 -0.01
-15.5187 9.52 -0.224378 -0.374284 1 0.01
-14.5488 8.96 0.251742 0.194217 1 -0.01
-13.5789 9.52 0.484934 -0.3245 1 0.01
-12.609 8.96 0.391507 -0.24864 1 -0.01
-11.639 9.52 0.226093 0.467679 1 0.01
-10.6691 8.96 0.265625 -0.4817 1 -0.01
-9.6992 9.52 -0.369829 -0.141428 1 0.01
-8.72928 8.96 0.384641 0.336948 1 -0.01
-7.75936 9.52 0.328092 -0.241227 1 0.01
-6.78944 8.96 -0.290536 -0.141177 1 -0.01
-5.81952 9.52 0.251734 -0.388038 1 0.01
-4.8496 8.96 -0.421345 -0.268144 1 -0.01
-3.87968 9.52 -0.348674 -0.435616 1 0.01
-2.90976 8.96 0.267837 0.0502874 1 -0.01
-1.93984 9.52 0.106446 0.362005 1 0.01
-0.96992 8.96 -0.0844436 0.485512 1 -0.01
0 9.52 0.135036 0.181076 1 0.01
0.96992 8.96 0.384084 -0.222198 1 -0.01
1.93984 9.52 0.364508 -0.129322 1 0.01
2.90976 8.96 -0.286521 0.255046 1 -0.01
3.87968 9.52 0.308972 -0.117073 1 0.01
4.8496 8.96 0.347739 0.277291 1 -0.01
5.81952 9.52 -0.15733 -0.00692394 1 0.01
6.78944 8.96 0.151924 0.345747 1 -0.01
7.75936 9.52 -0.477771 0.080394 1 0.01
8.72928 8.96 0.306404 0.423103 1 -0.01
9.6992 9.52 0.481176 -0.450477 1 0.01
10.6691 8.96 0.332788 0.471808 1 -0.01
11.639 9.52 0.377275 -0.469359 1 0.01
12.609 8.96 0.049748 0.413679 1 -0.01
13.5789 9.52 -0.398524 -0.207603 1 0.01
14.5488 8.96 0.0737871 0.150922 1 -0.01
15.5187 9.52 -0.12674 -0.449953 1 0.01
16.4886 8.96 -0.323241 -0.117156 1 -0.01
17.4586 9.52 -0.17304 -0.014493 1 0.01
18.4285 8.96 -0.334746 0.413045 1 -0.01
19.3984 9.52 -0.0733555 0.124782 1 0.01
20.3683 8.96 0.158109 0.28726 1 -0.01
21.3382 9.52 -0.422291 -0.355927 1 0.01
22.3082 8.96 0.0340927 0.178524 1 -0.01
23.2781 9.52 -0.41127 -0.263351 1 0.01
-24.248 10.08 0.05725 -0.26703 1 -0.01
-23.2781 10.64 -0.133173 0.129746 1 0.01
-22.3082 10.08 -0.270351 -0.223843 1 -0.01
-21.3382 10.64 0.373588 0.096428 1 0.01
-20.3683 10.08 0.450337 0.353198 1 -0.01
-19.3984 10.64 0.221009 -0.107708 1 0.01
-18.4285 10.08 -0.0362633 0.259614 1 -0.01
-17.4586 10.64 0.302108 -0.00113563 1 0.01
-16.4886 10.08 -0.135125 -0.461532 1 -0.01
-15.5187 10.64 0.236677 -0.12255 1 0.01
-14.5488 10.08 -0.142335 -0.0678817 1 -0.01
-13.5789 10.64 0.0220716 -0.485692 1 0.01
-12.609 10.08 0.184001 0.248543 1 -0.01
-11.639 10.64 0.0951065 -0.192993 1 0.01
-10.6691 10.08 0.104347 -0.476461 1 -0.01
-9.6992 10.64 0.433005 -0.365152 1 0.01
-8.72928 10.08 -0.431426 -0.215677 1 -0.01
-7.75936 10.64 -0.109528 0.107704 1 0.01
-6.78944 10.08 -0.336926 0.192001 1 -0.01
-5.81952 10.64 -0.445039 0.145479 1 0.01
-4.8496 10.08 0.210307 0.478311 1 -0.01
-3.87968 10.64 -0.419381 0.193524 1 0.01
-2.90976 10.08 0.0125782 -0.36569 1 -0.01
-1.93984 10.64 0.291414 0.161385 1 0.01
-0.96992 10.08 -0.281606 0.161774 1 -0.01
0 10.64 0.0165992 0.174702 1 0.01
0.96992 10.08 -0.486008 0.136861 1 -0.01
1.93984 10.64 -0.444299 0.409921 1 0.01
2.90976 10.08 -0.209625 0.151119 1 -0.01
3.87968 10.64 -0.316246 0.401482 1 0.01
4.8496 10.08 -0.331508 -0.383004 1 -0.01
5.81952 10.64 0.395292 -0.441373 1 0.01
6.78944 10.08 0.420573 0.474261 1 -0.01
7.75936 10.64 -0.192712 -0.292163 1 0.01
8.72928 10.08 -0.19061 -0.344925 1 -0.01
9.6992 10.64 0.35961 0.174724 1 0.01
10.6691 10.08 0.260219 -0.180094 1 -0.01
11.639 10.64 -0.0784125 -0.356006 1 0.01
12.609 10.08 0.200659 0.0188716 1 -0.01
13.5789 10.64 0.0810046 0.307595 1 0.01
14.5488 10.08 -0.458467 0.380491 1 -0.01
15.5187 10.64 0.0655083 -0.330875 1 0.01
16.4886 10.08 0.384368 0.395854 1 -0.01
17.4586 10.64 -0.38166 0.268999 1 0.01
18.4285 10.08 -0.0733748 0.295158 1 -0.01
19.3984 10.64 0.469129 0.344574 1 0.01
20.3683 10.08 0.466754 -0.403994 1 -0.01
21.3382 10.64 -0.298067 0.360262 1 0.01
22.3082 10.08 -0.145933 0.298559 1 -0.01
23.2781 10.64 -0.0479403 -0.0845004 1 0.01
-24.248 11.2 0.0388031 0.0216445 1 -0.01
-23.2781 11.76 0.31207 0.193917 1 0.01
-22.3082 11.2 0.0655227 -0.0580326 1 -0.01
-21.3382 11.76 0.333004 0.0674082 1 0.01
-20.3683 11.2 0.243849 0.0384453 1 -0.01
-19.3984 11.76 -0.467996 -0.390918 1 0.01
-18.4285 11.2 0.0416734 0.445105 1 -0.01
-17.4586 11.76 0.0762777 -0.505691 1 0.01
-16.4886 11.2 0.455066 0.165278 1 -0.01
-15.5187 11.76 -0.262824 0.432393 1 0.01
-14.5488 11.2 -0.210082 0.414891 1 -0.01
-13.5789 11.76 -0.119696 -0.391581 1 0.01
-12.609 11.2 -0.187505 0.0358528 1 -0.01
-11.639 11.76 -0.0921216 -0.259167 1 0.01
-10.6691 11.2 -0.246175 0.0909133 1 -0.01
-9.6992 11.76 0.0386337 0.363574 1 0.01
-8.72928 11.2 0.237036 -0.460254 1 -0.01
-7.75936 11.76 0.00374014 -0.168303 1 0.01
-6.78944 11.2 -0.478879 -0.192379 1 -0.01
-5.81952 11.76 -0.321589 -0.385381 1 0.01
-4.8496 11.2 -0.127636 -0.256178 1 -0.01
-3.87968 11.76 -0.458486 0.297744 1 0.01
-2.90976 11.2 -0.0145394 0.352323 1 -0.01
-1.93984 11.76 0.148344 -0.115736 1 0.01
-0.96992 11.2 -0.0646282 0.303919 1 -0.01
0 11.76 0.0814036 -0.168541 1 0.01
0.96992 11.2 -0.218853 -0.260922 1 -0.01
1.93984 11.76 0.169436 -0.404734 1 0.01
2.90976 11.2 0.433258 -0.0288824 1 -0.01
3.87968 11.76 -0.485783 -0.477497 1 0.01
4.8496 11.2 0.495917 -0.1128 1 -0.01
5.81952 11.76 0.21578 -0.413411 1 0.01
6.78944 11.2 0.369368 -0.317763 1 -0.01
7.75936 11.76 0.101537 -0.334765 1 0.01
8.72928 11.2 0.255024 -0.251396 1 -0.01
9.6992 11.76 -0.501341 0.063856 1 0.01
10.6691 11.2 -0.279538 0.064332 1 -0.01
11.639 11.76 0.182264 -0.0634205 1 0.01
12.609 11.2 0.140348 0.336279 1 -0.01
13.5789 11.76 -0.302109 0.033765 1 0.01
14.5488 11.2 -0.0684278 -0.365982 1 -0.01
15.5187 11.76 0.401682 -0.1922 1 0.01
16.4886 11.2 -0.427712 0.265963 1 -0.01
17.4586 11.76 0.0683606 -0.360397 1 0.01
18.4285 11.2 -0.0869373 0.122475 1 -0.01
19.3984 11.76 0.189305 -0.31157 1 0.01
20.3683 11.2 0.298777 -0.00531177 1 -0.01
21.3382 11.76 -0.340023 -0.0566847 1 0.01
22.3082 11.2 0.160982 -0.382676 1 -0.01
23.2781 11.76 0.25349 0.116303 1 0.01
-24.248 12.32 0.0600736 0.257499 1 -0.01
-23.2781 12.88 -0.268762 0.310004 1 0.01
-22.3082 12.32 -0.054902 -0.254882 1 -0.01
-21.3382 12.88 -0.0808495 0.235738 1 0.01
-20.3683 12.32 0.444554 -0.46226 1 -0.01
-19.3984 12.88 0.0539873 -0.350033 1 0.01
-18.4285 12.32 0.00162108 0.246723 1 -0.01
-17.4586 12.88 0.391268 -0.0845261 1 0.01
-16.4886 12.32 0.398905 0.145553 1 -0.01
-15.5187 12.88 -0.355252 0.0817286 1 0.01
-14.5488 12.32 -0.206403 0.172482 1 -0.01
-13.5789 12.88 0.439605 -0.11889 1 0.01
-12.609 12.32 0.389718 -0.480137 1 -0.01
-11.639 12.88 0.282095 -0.438045 1 0.01
-10.6691 12.32 -0.201382 -0.22279 1 -0.01
-9.6992 12.88 0.25195 0.48828 1 0.01
-8.72928 12.32 0.337005 -0.0101663 1 -0.01
-7.75936 12.88 -0.462314 -0.461652 1 0.01
-6.78944 12.32 -0.203998 0.26922 1 -0.01
-5.81952 12.88 0.413139 -0.215133 1 0.01
-4.8496 12.32 -0.475214 0.325192 1 -0.01
-3.87968 12.88 0.479549 -0.269437 1 0.01
-2.90976 12.32 -0.139921 0.0533737 1 -0.01
-1.93984 12.88 0.318904 0.357582 1 0.01
-0.96992 12.32 -0.243362 -0.204625 1 -0.01
0 12.88 -0.184089 -0.116951 1 0.01
0.96992 12.32 -0.493473 0.120174 1 -0.01
1.93984 12.88 0.405093 0.339796 1 0.01
2.90976 12.32 -0.438192 -0.0861075 1 -0.01
3.87968 12.88 0.0855427 0.313485 1 0.01
4.8496 12.32 0.0695028 0.363986 1 -0.01
5.81952 12.88 0.0889651 0.480744 1 0.01
6.78944 12.32 0.359088 0.139663 1 -0.01
7.75936 12.88 -0.346165 0.280661 1 0.01
8.72928 12.32 0.344522 0.0885245 1 -0.01
9.6992 12.88 0.367844 -0.366177 1 0.01
10.6691 12.32 0.251165 -0.297142 1 -0.01
11.639 12.88 -0.312751 -0.426419 1 0.01
12.609 12.32 0.275283 0.405326 1 -0.01
13.5789 12.88 0.11363 0.12014 1 0.01
14.5488 12.32 0.445241 -0.329644 1 -0.01
15.5187 12.88 0.487179 -0.489558 1 0.01
16.4886 12.32 -0.1779 -0.194791 1 -0.01
17.4586 12.88 0.474671 -0.441244 1 0.01
18.4285 12.32 -0.483131 0.465698 1 -0.01
19.3984 12.88 -0.340751 -0.0745081 1 0.01
20.3683 12.32 -0.473596 0.222748 1 -0.01
21.3382 12.88 -0.30023 -0.473513 1 0.01
22.3082 12.32 0.136622 0.448433 1 -0.01
23.2781 12.88 -0.151955 0.0483364 1 0.01
-24.248 13.44 0.437033 -0.0702616 1 -0.01
-23.2781 14 -0.0842523 0.0312134 1 0.01
-22.3082 13.44 0.486876 -0.440703 1 -0.01
-21.3382 14 0.315111 0.362169 1 0.01
-20.3683 13.44 -0.127376 0.212999 1 -0.01
-19.3984 14 -0.341294 0.469585 1 0.01
-18.4285 13.44 0.0256271 0.141332 1 -0.01
-17.4586 14 0.214467 0.0889468 1 0.01
-16.4886 13.44 -0.430838 -0.171918 1 -0.01
-15.5187 14 -0.204862 0.37316 1 0.01
-14.5488 13.44 0.155591 0.0137897 1 -0.01
-13.5789 14 0.318974 -0.243155 1 0.01
-12.609 13.44 0.0230995 0.429285 1 -0.01
-11.639 14 0.473446 -0.443419 1 0.01
-10.6691 13.44 0.338238 -0.441244 1 -0.01
-9.6992 14 0.331282 -0.0553865 1 0.01
-8.72928 13.44 -0.332191 -0.365631 1 -0.01
-7.75936 14 0.488423 0.225169 1 0.01
-6.78944 13.44 0.351865 0.101605 1 -0.01
-5.81952 14 -0.339552 -0.292892 1 0.01
-4.8496 13.44 -0.377447 -0.201612 1 -0.01
-3.87968 14 0.401457 0.0384852 1 0.01
-2.90976 13.44 -0.0715856 0.242843 1 -0.01
-1.93984 14 0.263321 0.0391775 1 0.01
-0.96992 13.44 -0.441954 -0.310844 1 -0.01
0 14 0.344131 -0.391684 1 0.01
0.96992 13.44 -0.352517 0.0969221 1 -0.01
1.93984 14 0.197954 0.101395 1 0.01
2.90976 13.44 0.363089 0.320866 1 -0.01
3.87968 14 0.251361 0.450076 1 0.01
4.8496 13.44 0.16888 -0.486081 1 -0.01
5.81952 14 0.115389 0.403209 1 0.01
6.78944 13.44 0.320513 0.0697861 1 -0.01
7.75936 14 -0.0311681 -0.466643 1 0.01
8.72928 13.44 0.276645 -0.0793953 1 -0.01
9.6992 14 0.477394 0.283775 1 0.01
10.6691 13.44 0.38788 0.194448 1 -0.01
11.639 14 0.426434 0.173837 1 0.01
12.609 13.44 -0.120848 -0.232914 1 -0.01
13.5789 14 -0.184507 0.290864 1 0.01
14.5488 13.44 0.245124 0.378151 1 -0.01
15.5187 14 -0.210494 0.298798 1 0.01
16.4886 13.44 0.289419 0.157019 1 -0.01
17.4586 14 -0.390035 -0.285073 1 0.01
18.4285 13.44 -0.467107 -0.0759554 1 -0.01
19.3984 14 -0.310504 -0.312645 1 0.01
20.3683 13.44 -0.16049 0.425085 1 -0.01
21.3382 14 -0.296947 -0.0954085 1 0.01
22.3082 13.44 -0.266836 -0.0368909 1 -0.01
23.2781 14 -0.0369963 -0.0787206 1 0.01
-24.248 14.56 -0.289519 -0.314329 1 -0.01
-23.2781 15.12 0.38395 -0.080934 1 0.01
-22.3082 14.56 0.371232 0.228575 1 -0.01
-21.3382 15.12 0.013324 0.182601 1 0.01
-20.3683 14.56 0.477139 0.259321 1 -0.01
-19.3984 15.12 0.0285236 -0.175772 1 0.01
-18.4285 14.56 0.479241 -0.420345 1 -0.01
-17.4586 15.12 0.48448 -0.450215 1 0.01
-16.4886 14.56 0.479099 -0.344966 1 -0.01
-15.5187 15.12 0.299568 0.456855 1 0.01
-14.5488 14.56 -0.145089 -0.462932 1 -0.01
-13.5789 15.12 -0.310292 -0.00960859 1 0.01
-12.609 14.56 0.409043 -0.356163 1 -0.01
-11.639 15.12 0.480512 -0.0332322 1 0.01
-10.6691 14.56 -0.25235 -0.0894871 1 -0.01
-9.6992 15.12 0.33929 0.383726 1 0.01
-8.72928 14.56 -0.00510348 0.226601 1 -0.01
-7.75936 15.12 0.264216 -0.0514451 1 0.01
-6.78944 14.56 0.459749 0.0457318 1 -0.01
-5.81952 15.12 0.270125 0.0393866 1 0.01
-4.8496 14.56 -0.258657 -0.215401 1 -0.01
-3.87968 15.12 -0.0610447 0.141529 1 0.01
-2.90976 14.56 0.375211 0.457934 1 -0.01
-1.93984 15.12 -0.360003 -0.331607 1 0.01
-0.96992 14.56 0.479425 0.0848627 1 -0.01
0 15.12 -0.121957 -0.103625 1 0.01
0.96992 14.56 0.0291321 -0.180607 1 -0.01
1.93984 15.12 -0.329919 -0.150848 1 0.01
2.90976 14.56 0.399992 0.318373 1 -0.01
3.87968 15.12 -0.122613 -0.45306 1 0.01
4.8496 14.56 0.0449907 -0.466447 1 -0.01
5.81952 15.12 -0.268351 0.171632 1 0.01
6.78944 14.56 -0.114305 -0.501089 1 -0.01
7.75936 15.12 -0.384848 -0.0136685 1 0.01
8.72928 14.56 -0.109334 -0.378294 1 -0.01
9.6992 15.12 0.110864 0.135101 1 0.01
10.6691 14.56 -0.48576 0.483339 1 -0.01
11.639 15.12 0.11102 -0.0923905 1 0.01
12.609 14.56 -0.384165 -0.219928 1 -0.01
13.5789 15.12 0.400484 -0.369715 1 0.01
14.5488 14.56 0.137182 -0.0991842 1 -0.01
15.5187 15.12 0.083873 0.402021 1 0.01
16.4886 14.56 -0.120578 0.216256 1 -0.01
17.4586 15.12 -0.248345 -0.110562 1 0.01
18.4285 14.56 0.226036 0.039634 1 -0.01
19.3984 15.12 -0.0293646 -0.286721 1 0.01
20.3683 14.56 0.100675 0.402556 1 -0.01
21.3382 15.12 -0.0481583 -0.406656 1 0.01
22.3082 14.56 0.201854 0.182267 1 -0.01
23.2781 15.12 -0.338371 0.406424 1 0.01
-24.248 15.68 -0.0173684 -0.332869 1 -0.01
-23.2781 16.24 -0.400501 0.228479 1 0.01
-22.3082 15.68 -0.141811 0.239198 1 -0.01
-21.3382 16.24 -0.468792 0.404122 1 0.01
-20.3683 15.68 0.0923469 -0.0778936 1 -0.01
-19.3984 16.24 -0.0557582 0.249229 1 0.01
-18.4285 15.68 0.257469 0.00517301 1 -0.01
-17.4586 16.24 -0.141248 0.354954 1 0.01
-16.4886 15.68 -0.423338 -0.403822 1 -0.01
-15.5187 16.24 -0.438214 0.384738 1 0.01
-14.5488 15.68 -0.441099 0.487945 1 -0.01
-13.5789 16.24 -0.0927742 0.0489832 1 0.01
-12.609 15.68 0.046494 0.402649 1 -0.01
-11.639 16.24 -0.150164 -0.122638 1 0.01
-10.6691 15.68 0.416145 -0.497044 1 -0.01
-9.6992 16.24 -0.0523604 0.300993 1 0.01
-8.72928 15.68 -0.404195 0.190179 1 -0.01
-7.75936 16.24 0.0767765 0.373238 1 0.01
-6.78944 15.68 -0.37949 -0.386989 1 -0.01
-5.81952 16.24 0.294441 -0.200804 1 0.01
-4.8496 15.68 -0.391901 0.0131128 1 -0.01
-3.87968 16.24 0.398489 -0.276077 1 0.01
-2.90976 15.68 -0.271178 0.252571 1 -0.01
-1.93984 16.24 0.234967 0.4584 1 0.01
-0.96992 15.68 0.281817 0.0875808 1 -0.01
0 16.24 0.186611 -0.31725 1 0.01
0.96992 15.68 0.0935303 0.0193911 1 -0.01
1.93984 16.24 -0.0353007 0.282036 1 0.01
2.90976 15.68 -0.105156 -0.0399831 1 -0.01
3.87968 16.24 -0.114037 0.402614 1 0.01
4.8496 15.68 -0.147742 -0.267754 1 -0.01
5.81952 16.24 0.351843 -0.210208 1 0.01
6.78944 15.68 -0.404255 0.0552536 1 -0.01
7.75936 16.24 0.310451 -0.271807 1 0.01
8.72928 15.68 0.37808 0.336826 1 -0.01
9.6992 16.24 -0.231235 -0.0547937 1 0.01
10.6691 15.68 -0.017397 0.0604784 1 -0.01
11.639 16.24 0.0129502 0.31977 1 0.01
12.609 15.68 0.327832 0.309927 1 -0.01
13.5789 16.24 0.0365497 -0.426985 1 0.01
14.5488 15.68 -0.312852 0.376768 1 -0.01
15.5187 16.24 -0.129306 -0.498222 1 0.01
16.4886 15.68 -0.402829 0.369907 1 -0.01
17.4586 16.24 -0.502835 0.359179 1 0.01
18.4285 15.68 0.0117577 -0.414924 1 -0.01
19.3984 16.24 -0.482362 0.409749 1 0.01
20.3683 15.68 -0.355198 0.189717 1 -0.01
21.3382 16.24 0.0419896 0.124005 1 0.01
22.3082 15.68 0.328136 -0.259447 1 -0.01
23.2781 16.24 -0.322848 -0.48667 1 0.01
-24.248 16.8 0.12602 0.112237 1 -0.01
-23.2781 17.36 -0.501609 0.12866 1 0.01
-22.3082 16.8 0.271842 0.0286658 1 -0.01
-21.3382 17.36 0.0197172 0.239827 1 0.01
-20.3683 16.8 -0.457887 -0.206359 1 -0.01
-19.3984 17.36 -0.298061 -0.30977 1 0.01
-18.4285 16.8 0.189545 0.219768 1 -0.01
-17.4586 17.36 -0.0997164 0.293216 1 0.01
-16.4886 16.8 -0.218474 -0.158611 1 -0.01
-15.5187 17.36 -0.437571 0.477786 1 0.01
-14.5488 16.8 -0.310718 -0.499277 1 -0.01
-13.5789 17.36 0.0274134 0.376367 1 0.01
-12.609 16.8 -0.47557 0.133423 1 -0.01
-11.639 17.36 0.0198117 -0.490159 1 0.01
-10.6691 16.8 0.116004 0.419431 1 -0.01
-9.6992 17.36 0.334639 -0.177143 1 0.01
-8.72928 16.8 -0.150047 0.26005 1 -0.01
-7.75936 17.36 -0.120202 -0.288687 1 0.01
-6.78944 16.8 0.290561 -0.0282507 1 -0.01
-5.81952 17.36 0.451486 0.424616 1 0.01
-4.8496 16.8 -0.129288 0.463977 1 -0.01
-3.87968 17.36 0.0691036 -0.081347 1 0.01
-2.90976 16.8 -0.406506 0.447988 1 -0.01
-1.93984 17.36 -0.326513 -0.0306705 1 0.01
-0.96992 16.8 0.406068 -0.0171065 1 -0.01
0 17.36 -0.365629 -0.167389 1 0.01
0.96992 16.8 0.417482 -0.381524 1 -0.01
1.93984 17.36 -0.0882066 0.345786 1 0.01
2.90976 16.8 -0.297659 -0.382481 1 -0.01
3.87968 17.36 -0.133055 -0.458156 1 0.01
4.8496 16.8 0.0123599 0.078596 1 -0.01
5.81952 17.36 -0.476619 0.154061 1 0.01
6.78944 16.8 0.388283 -0.45062 1 -0.01
7.75936 17.36 -0.152427 -0.381531 1 0.01
8.72928 16.8 0.250011 0.231308 1 -0.01
9.6992 17.36 -0.117622 0.395848 1 0.01
10.6691 16.8 -0.425909 -0.440415 1 -0.01
11.639 17.36 -0.0196746 0.300009 1 0.01
12.609 16.8 -0.108402 -0.49355 1 -0.01
13.5789 17.36 0.363641 -0.0424512 1 0.01
14.5488 16.8 -0.249927 0.278623 1 -0.01
15.5187 17.36 0.0950226 -0.10995 1 0.01
16.4886 16.8 0.00958665 0.325867 1 -0.01
17.4586 17.36 -0.34079 0.479586 1 0.01
18.4285 16.8 0.292668 0.226454 1 -0.01
19.3984 17.36 0.255843 0.342043 1 0.01
20.3683 16.8 0.492104 -0.348459 1 -0.01
21.3382 17.36 -0.334668 -0.278426 1 0.01
22.3082 16.8 -0.293852 -0.268555 1 -0.01
23.2781 17.36 -0.186528 0.153433 1 0.01
-24.248 17.92 0.079985 0.163705 1 -0.01
-23.2781 18.48 -0.380156 -0.12205 1 0.01
-22.3082 17.92 -0.168904 0.135641 1 -0.01
-21.3382 18.48 -0.391917 -0.274142 1 0.01
-20.3683 17.92 -0.111736 0.432606 1 -0.01
-19.3984 18.48 -0.113661 0.466424 1 0.01
-18.4285 17.92 0.400757 0.0855965 1 -0.01
-17.4586 18.48 0.386501 0.0279503 1 0.01
-16.4886 17.92 -0.150402 0.363471 1 -0.01
-15.5187 18.48 0.24996 0.377978 1 0.01
-14.5488 17.92 0.359384 -0.0844727 1 -0.01
-13.5789 18.48 -0.0657159 -0.0740835 1 0.01
-12.609 17.92 0.0975315 -0.128119 1 -0.01
-11.639 18.48 0.0309598 -0.476265 1 0.01
-10.6691 17.92 -0.0662216 -0.00460924 1 -0.01
-9.6992 18.48 -0.31437 -0.408858 1 0.01
-8.72928 17.92 -0.378593 -0.175138 1 -0.01
-7.75936 18.48 0.229065 -0.36316 1 0.01
-6.78944 17.92 0.13696 -0.183426 1 -0.01
-5.81952 18.48 0.0128912 0.22076 1 0.01
-4.8496 17.92 -0.31635 -0.014619 1 -0.01
-3.87968 18.48 0.106881 -0.338168 1 0.01
-2.90976 17.92 0.410715 0.244844 1 -0.01
-1.93984 18.48 0.362284 0.0364259 1 0.01
-0.96992 17.92 0.454918 -0.481091 1 -0.01
0 18.48 -0.124237 0.215898 1 0.01
0.96992 17.92 0.131436 0.289689 1 -0.01
1.93984 18.48 0.491722 -0.380272 1 0.01
2.90976 17.92 0.336331 -0.140914 1 -0.01
3.87968 18.48 0.449375 0.155182 1 0.01
4.8496 17.92 -0.185426 0.0134612 1 -0.01
5.81952 18.48 -0.0236522 -0.218317 1 0.01
6.78944 17.92 -0.478279 0.436793 1 -0.01
7.75936 18.48 0.367627 -0.0632247 1 0.01
8.72928 17.92 0.167008 -0.419888 1 -0.01
9.6992 18.48 -0.137109 0.26658 1 0.01
10.6691 17.92 -0.209596 -0.338373 1 -0.01
11.639 18.48 -0.445078 0.27271 1 0.01
12.609 17.92 0.107057 0.396938 1 -0.01
13.5789 18.48 0.254123 0.256599 1 0.01
14.5488 17.92 -0.130567 -0.450416 1 -0.01
15.5187 18.48 0.188912 0.420136 1 0.01
16.4886 17.92 -0.303245 0.100955 1 -0.01
17.4586 18.48 0.240309 0.267423 1 0.01
18.4285 17.92 -0.108518 -0.198875 1 -0.01
19.3984 18.48 0.42053 -0.116675 1 0.01
20.3683 17.92 0.320116 0.0474725 1 -0.01
21.3382 18.48 0.40661 0.464992 1 0.01
22.3082 17.92 0.463459 -0.061136 1 -0.01
23.2781 18.48 -0.244277 0.123656 1 0.01
-24.248 19.04 -0.0370012 -0.151505 1 -0.01
-23.2781 19.6 -0.133335 0.112749 1 0.01
-22.3082 19.04 -0.23583 0.107287 1 -0.01
-21.3382 19.6 -0.356521 0.404069 1 0.01
-20.3683 19.04 -0.189738 -0.148139 1 -0.01
-19.3984 19.6 0.0175758 -0.405232 1 0.01
-18.4285 19.04 -0.146494 0.0571246 1 -0.01
-17.4586 19.6 0.425725 -0.373798 1 0.01
-16.4886 19.04 0.0925869 0.354453 1 -0.01
-15.5187 19.6 -0.300471 0.455541 1 0.01
-14.5488 19.04 -0.101746 0.0481758 1 -0.01
-13.5789 19.6 -0.238323 0.133839 1 0.01
-12.609 19.04 0.290061 0.206296 1 -0.01
-11.639 19.6 0.405745 0.0119256 1 0.01
-10.6691 19.04 -0.268699 0.43134 1 -0.01
-9.6992 19.6 -0.121126 -0.058521 1 0.01
-8.72928 19.04 -0.489168 0.0593432 1 -0.01
-7.75936 19.6 0.173087 0.37642 1 0.01
-6.78944 19.04 0.329282 0.0473244 1 -0.01
-5.81952 19.6 -0.207609 -0.290425 1 0.01
-4.8496 19.04 -0.00728758 -0.382848 1 -0.01
-3.87968 19.6 0.0540866 0.288631 1 0.01
-2.90976 19.04 -0.294956 -0.313958 1 -0.01
-1.93984 19.6 0.352842 0.295058 1 0.01
-0.96992 19.04 0.0272822 -0.503801 1 -0.01
0 19.6 -0.204346 0.339697 1 0.01
0.96992 19.04 -0.219011 -0.0796341 1 -0.01
1.93984 19.6 0.0627942 0.45195 1 0.01
2.90976 19.04 -0.475213 0.441916 1 -0.01
3.87968 19.6 0.215034 -0.226721 1 0.01
4.8496 19.04 0.365529 -0.0376731 1 -0.01
5.81952 19.6 -0.290919 -0.161672 1 0.01
6.78944 19.04 0.105529 0.189642 1 -0.01
7.75936 19.6 -0.344479 -0.153541 1 0.01
8.72928 19.04 0.0354537 -0.190472 1 -0.01
9.6992 19.6 -0.193193 -0.382453 1 0.01
10.6691 19.04 -0.0556524 0.4082 1 -0.01
11.639 19.6 -0.150361 0.208516 1 0.01
12.609 19.04 0.315242 -0.362001 1 -0.01
13.5789 19.6 0.392977 -0.375104 1 0.01
14.5488 19.04 0.170858 0.457814 1 -0.01
15.5187 19.6 -0.0435959 0.45622 1 0.01
16.4886 19.04 -0.458868 -0.279651 1 -0.01
17.4586 19.6 0.105839 0.17812 1 0.01
18.4285 19.04 0.471684 -0.409262 1 -0.01
19.3984 19.6 -0.345496 -0.0623127 1 0.01
20.3683 19.04 0.0332291 -0.0245756 1 -0.01
21.3382 19.6 -0.426819 0.269047 1 0.01
22.3082 19.04 -0.150864 0.275783 1 -0.01
23.2781 19.6 -0.447769 0.0461551 1 0.01
-24.248 20.16 -0.454556 -0.220885 1 -0.01
-23.2781 20.72 0.351877 -0.466841 1 0.01
-22.3082 20.16 -0.153724 0.442839 1 -0.01
-21.3382 20.72 -0.465581 -0.469332 1 0.01
-20.3683 20.16 0.456306 -0.267416 1 -0.01
-19.3984 20.72 0.470905 -0.00516847 1 0.01
-18.4285 20.16 -0.348351 -0.0141193 1 -0.01
-17.4586 20.72 -0.396482 -0.181763 1 0.01
-16.4886 20.16 -0.470966 0.390995 1 -0.01
-15.5187 20.72 0.479759 -0.0867007 1 0.01
-14.5488 20.16 0.154118 -0.261257 1 -0.01
-13.5789 20.72 0.258337 0.19651 1 0.01
-12.609 20.16 -0.408825 0.4407 1 -0.01
-11.639 20.72 0.123516 0.155269 1 0.01
-10.6691 20.16 0.113942 -0.423254 1 -0.01
-9.6992 20.72 -0.14295 -0.371437 1 0.01
-8.72928 20.16 -0.403713 0.252077 1 -0.01
-7.75936 20.72 0.0520554 0.477992 1 0.01
-6.78944 20.16 -0.311192 0.312512 1 -0.01
-5.81952 20.72 -0.0922478 -0.195901 1 0.01
-4.8496 20.16 -0.141907 0.1837 1 -0.01
-3.87968 20.72 -0.195253 0.229712 1 0.01
-2.90976 20.16 0.110619 -0.370932 1 -0.01
-1.93984 20.72 -0.434446 -0.472664 1 0.01
-0.96992 20.16 -0.0358617 -0.496391 1 -0.01
0 20.72 -0.44468 -0.176635 1 0.01
0.96992 20.16 0.0263531 0.308426 1 -0.01
1.93984 20.72 0.465993 -0.195865 1 0.01
2.90976 20.16 0.104622 -0.32774 1 -0.01
3.87968 20.72 -0.469161 0.28358 1 0.01
4.8496 20.16 -0.498074 -0.323117 1 -0.01
5.81952 20.72 -0.316667 0.245802 1 0.01
6.78944 20.16 -0.322377 0.20714 1 -0.01
7.75936 20.72 0.396992 0.0998655 1 0.01
8.72928 20.16 -0.480724 -0.180378 1 -0.01
9.6992 20.72 -0.206594 -0.264441 1 0.01
10.6691 20.16 0.248225 -0.262896 1 -0.01
11.639 20.72 -0.0361362 -0.240034 1 0.01
12.609 20.16 -0.25119 0.451982 1 -0.01
13.5789 20.72 -0.290467 0.276499 1 0.01
14.5488 20.16 0.42269 0.275875 1 -0.01
15.5187 20.72 0.182587 0.0408903 1 0.01
16.4886 20.16 -0.435809 0.372661 1 -0.01
17.4586 20.72 0.04145 0.0314184 1 0.01
18.4285 20.16 -0.0345966 0.0272315 1 -0.01
19.3984 20.72 -0.16921 0.339565 1 0.01
20.3683 20.16 -0.128965 -0.229298 1 -0.01
21.3382 20.72 -0.265573 -0.180755 1 0.01
22.3082 20.16 0.110786 -0.183938 1 -0.01
23.2781 20.72 0.263343 0.0429999 1 0.01
-24.248 21.28 0.140235 -0.224486 1 -0.01
-23.2781 21.84 -0.352906 -0.486407 1 0.01
-22.3082 21.28 -0.275517 0.404284 1 -0.01
-21.3382 21.84 -0.383778 0.324273 1 0.01
-20.3683 21.28 0.459933 0.210698 1 -0.01
-19.3984 21.84 0.062724 -0.309513 1 0.01
-18.4285 21.28 -0.000132212 -0.418117 1 -0.01
-17.4586 21.84 -0.152809 0.467101 1 0.01
-16.4886 21.28 0.116604 -0.407112 1 -0.01
-15.5187 21.84 0.349794 -0.247637 1 0.01
-14.5488 21.28 -0.385663 0.27176 1 -0.01
-13.5789 21.84 0.405338 -0.481251 1 0.01
-12.609 21.28 -0.266827 0.265656 1 -0.01
-11.639 21.84 -0.268472 0.176542 1 0.01
-10.6691 21.28 0.289448 -0.453629 1 -0.01
-9.6992 21.84 0.118043 0.473112 1 0.01
-8.72928 21.28 0.492376 -0.123502 1 -0.01
-7.75936 21.84 -0.220472 0.227087 1 0.01
-6.78944 21.28 -0.301637 0.085028 1 -0.01
-5.81952 21.84 0.0312385 0.154507 1 0.01
-4.8496 21.28 -0.138506 0.251796 1 -0.01
-3.87968 21.84 0.253556 0.36234 1 0.01
-2.90976 21.28 -0.488016 -0.155288 1 -0.01
-1.93984 21.84 -0.368608 0.408989 1 0.01
-0.96992 21.28 0.211038 0.236939 1 -0.01
0 21.84 0.301388 -0.428567 1 0.01
0.96992 21.28 0.139385 -0.342065 1 -0.01
1.93984 21.84 0.315242 0.39633 1 0.01
2.90976 21.28 -0.194892 0.286209 1 -0.01
3.87968 21.84 -0.413829 0.476442 1 0.01
4.8496 21.28 -0.202898 -0.0882679 1 -0.01
5.81952 21.84 0.275446 0.35595 1 0.01
6.78944 21.28 0.366663 -0.468551 1 -0.01
7.75936 21.84 -0.181113 0.049127 1 0.01
8.72928 21.28 0.0385239 -0.19269 1 -0.01
9.6992 21.84 0.446455 -0.221934 1 0.01
10.6691 21.28 -0.314758 -0.174352 1 -0.01
11.639 21.84 -0.305644 0.0385955 1 0.01
12.609 21.28 0.198733 -0.0163492 1 -0.01
13.5789 21.84 -0.4342 0.156219 1 0.01
14.5488 21.28 -0.481153 0.312682 1 -0.01
15.5187 21.84 0.380449 0.375417 1 0.01
16.4886 21.28 0.330203 -0.172247 1 -0.01
17.4586 21.84 0.443276 0.251358 1 0.01
18.4285 21.28 -0.483876 0.0776853 1 -0.01
19.3984 21.84 -0.467505 0.421114 1 0.01
20.3683 21.28 0.253104 0.0928719 1 -0.01
21.3382 21.84 -0.40864 0.292183 1 0.01
22.3082 21.28 -0.302693 0.189287 1 -0.01
23.2781 21.84 -0.358851 0.345172 1 0.01
